-181.14,357.8,284.59,-0.24314,-0.67171,-0.51486,0.47393
-181.76,357.33,284.34,-0.24204,-0.67162,-0.5152,0.47425
-182.37,356.86,284.09,-0.24096,-0.67153,-0.51552,0.47457
-182.97,356.41,283.83,-0.23987,-0.67145,-0.51584,0.47489
-183.57,355.97,283.58,-0.2388,-0.67137,-0.51614,0.47521
-184.16,355.55,283.32,-0.23774,-0.6713,-0.51643,0.47553
-184.73,355.14,283.06,-0.2367,-0.67123,-0.51671,0.47585
-185.3,354.76,282.8,-0.23567,-0.67117,-0.51697,0.47617
-185.86,354.38,282.54,-0.23466,-0.67111,-0.51721,0.47648
-186.4,354.03,282.28,-0.23367,-0.67106,-0.51744,0.4768
-186.93,353.7,282.02,-0.23271,-0.67101,-0.51766,0.4771
-187.44,353.4,281.77,-0.23177,-0.67097,-0.51785,0.4774
-187.93,353.11,281.51,-0.23086,-0.67094,-0.51803,0.4777
-188.41,352.85,281.26,-0.22998,-0.67092,-0.51818,0.47798
-188.87,352.62,281.01,-0.22913,-0.6709,-0.51832,0.47826
-189.3,352.42,280.76,-0.22832,-0.6709,-0.51844,0.47853
-189.71,352.25,280.51,-0.22755,-0.6709,-0.51853,0.47879
-190.1,352.11,280.27,-0.22682,-0.67091,-0.5186,0.47905
-190.46,352,280.04,-0.22613,-0.67093,-0.51865,0.47929
-190.79,351.93,279.81,-0.2255,-0.67097,-0.51867,0.47951
-191.1,351.89,279.59,-0.22491,-0.67101,-0.51867,0.47973
-191.37,351.89,279.37,-0.22437,-0.67107,-0.51864,0.47993
-191.62,351.93,279.16,-0.22389,-0.67114,-0.51859,0.48012
-191.83,352.01,278.96,-0.22346,-0.67122,-0.51851,0.48029
-192.01,352.13,278.77,-0.2231,-0.67131,-0.5184,0.48044
-192.15,352.29,278.58,-0.22279,-0.67142,-0.51826,0.48058
-192.26,352.5,278.41,-0.22255,-0.67154,-0.5181,0.4807
-192.32,352.75,278.24,-0.22237,-0.67167,-0.51791,0.48081
-192.35,353.04,278.09,-0.22226,-0.67182,-0.51768,0.4809
-192.34,353.39,277.94,-0.22222,-0.67198,-0.51743,0.48096
-192.29,353.78,277.81,-0.22226,-0.67216,-0.51714,0.48101
-192.2,354.21,277.68,-0.22236,-0.67235,-0.51682,0.48104
-192.06,354.7,277.57,-0.22254,-0.67255,-0.51647,0.48104
-191.88,355.24,277.47,-0.2228,-0.67277,-0.51609,0.48103
-191.65,355.82,277.38,-0.22313,-0.673,-0.51568,0.481
-191.37,356.46,277.31,-0.22355,-0.67325,-0.51523,0.48094
-191.05,357.15,277.25,-0.22404,-0.67351,-0.51474,0.48086
-190.67,357.89,277.2,-0.22462,-0.67379,-0.51423,0.48076
-190.25,358.69,277.17,-0.22528,-0.67408,-0.51367,0.48063
-189.78,359.53,277.15,-0.22603,-0.67438,-0.51309,0.48048
-189.25,360.44,277.14,-0.22686,-0.6747,-0.51246,0.48031
-188.67,361.39,277.15,-0.22778,-0.67503,-0.5118,0.48011
-188.03,362.4,277.17,-0.22879,-0.67537,-0.51111,0.47989
-187.34,363.47,277.21,-0.22989,-0.67573,-0.51037,0.47965
-186.59,364.58,277.26,-0.23108,-0.6761,-0.5096,0.47938
-185.78,365.76,277.32,-0.23236,-0.67648,-0.50879,0.47908
-184.92,366.99,277.4,-0.23373,-0.67687,-0.50794,0.47876
-183.99,368.27,277.49,-0.2352,-0.67727,-0.50706,0.47841
-183,369.6,277.6,-0.23675,-0.67768,-0.50613,0.47804
-181.95,371,277.73,-0.23841,-0.6781,-0.50516,0.47765
-180.84,372.44,277.86,-0.24015,-0.67853,-0.50416,0.47722
-179.66,373.94,278.02,-0.24199,-0.67897,-0.50311,0.47678
-178.41,375.49,278.18,-0.24393,-0.67942,-0.50202,0.4763
-177.1,377.1,278.36,-0.24596,-0.67987,-0.50089,0.4758
-175.72,378.76,278.56,-0.24808,-0.68033,-0.49972,0.47528
-174.28,380.47,278.76,-0.2503,-0.68079,-0.49851,0.47473
-172.76,382.23,278.99,-0.25262,-0.68125,-0.49725,0.47415
-171.17,384.04,279.22,-0.25503,-0.68172,-0.49595,0.47355
-169.51,385.9,279.47,-0.25753,-0.68219,-0.4946,0.47293
-167.78,387.81,279.73,-0.26013,-0.68266,-0.49322,0.47227
-165.97,389.77,280,-0.26283,-0.68313,-0.49178,0.4716
-164.09,391.77,280.28,-0.26561,-0.6836,-0.4903,0.4709
-162.13,393.82,280.58,-0.26849,-0.68406,-0.48878,0.47017
-160.09,395.92,280.88,-0.27147,-0.68452,-0.48721,0.46942
-157.98,398.06,281.2,-0.27453,-0.68498,-0.4856,0.46865
-155.79,400.24,281.52,-0.27769,-0.68543,-0.48393,0.46785
-153.52,402.46,281.86,-0.28093,-0.68587,-0.48222,0.46703
-151.17,404.72,282.2,-0.28427,-0.6863,-0.48047,0.46619
-148.74,407.02,282.55,-0.28769,-0.68672,-0.47866,0.46533
-146.22,409.36,282.91,-0.2912,-0.68713,-0.47681,0.46444
-143.62,411.73,283.28,-0.29479,-0.68753,-0.47491,0.46353
-140.94,414.13,283.65,-0.29847,-0.68791,-0.47296,0.4626
-138.18,416.57,284.03,-0.30224,-0.68827,-0.47097,0.46165
-135.33,419.03,284.42,-0.30608,-0.68862,-0.46892,0.46069
-132.4,421.53,284.8,-0.31001,-0.68895,-0.46682,0.4597
-129.37,424.05,285.2,-0.31401,-0.68925,-0.46468,0.4587
-126.27,426.59,285.59,-0.31809,-0.68954,-0.46248,0.45767
-123.07,429.15,285.99,-0.32225,-0.6898,-0.46024,0.45663
-119.79,431.73,286.39,-0.32648,-0.69003,-0.45794,0.45558
-116.43,434.33,286.78,-0.33078,-0.69024,-0.4556,0.45451
-112.97,436.95,287.18,-0.33514,-0.69043,-0.45321,0.45342
-109.43,439.58,287.58,-0.33958,-0.69058,-0.45076,0.45233
-105.8,442.21,287.98,-0.34408,-0.6907,-0.44827,0.45122
-102.08,444.86,288.37,-0.34865,-0.69079,-0.44572,0.45009
-98.275,447.51,288.76,-0.35327,-0.69085,-0.44313,0.44896
-94.382,450.16,289.15,-0.35796,-0.69087,-0.44049,0.44782
-90.401,452.81,289.53,-0.3627,-0.69085,-0.4378,0.44667
-86.334,455.46,289.9,-0.36749,-0.6908,-0.43505,0.44551
-82.181,458.11,290.27,-0.37233,-0.69071,-0.43226,0.44434
-77.942,460.74,290.63,-0.37722,-0.69058,-0.42943,0.44317
-73.617,463.37,290.99,-0.38216,-0.6904,-0.42654,0.44199
-69.209,465.98,291.33,-0.38714,-0.69019,-0.42361,0.44082
-64.717,468.58,291.67,-0.39216,-0.68993,-0.42063,0.43963
-60.142,471.15,291.99,-0.39721,-0.68963,-0.41761,0.43845
-55.486,473.71,292.3,-0.40231,-0.68928,-0.41454,0.43727
-50.75,476.24,292.61,-0.40743,-0.68888,-0.41142,0.43609
-45.936,478.74,292.89,-0.41258,-0.68844,-0.40826,0.43491
-41.043,481.21,293.17,-0.41775,-0.68795,-0.40506,0.43374
-36.075,483.65,293.43,-0.42295,-0.68741,-0.40182,0.43257
-31.033,486.05,293.68,-0.42817,-0.68682,-0.39854,0.43141
-25.919,488.42,293.91,-0.4334,-0.68618,-0.39522,0.43026
-20.734,490.74,294.13,-0.43865,-0.68549,-0.39186,0.42911
-15.481,493.02,294.33,-0.44391,-0.68475,-0.38846,0.42798
-10.162,495.25,294.51,-0.44917,-0.68396,-0.38503,0.42685
-4.7794,497.43,294.68,-0.45444,-0.68311,-0.38156,0.42574
0.6644,499.56,294.83,-0.45971,-0.68221,-0.37806,0.42464
6.167,501.64,294.96,-0.46497,-0.68126,-0.37453,0.42356
11.726,503.66,295.08,-0.47023,-0.68026,-0.37098,0.4225
17.338,505.62,295.17,-0.47548,-0.67921,-0.36739,0.42145
23.001,507.51,295.25,-0.48072,-0.6781,-0.36378,0.42042
28.712,509.35,295.31,-0.48594,-0.67694,-0.36014,0.41941
34.469,511.12,295.35,-0.49115,-0.67573,-0.35648,0.41843
40.269,512.82,295.37,-0.49634,-0.67446,-0.3528,0.41746
46.108,514.45,295.37,-0.50151,-0.67315,-0.34911,0.41652
51.985,516.01,295.36,-0.50665,-0.67178,-0.34539,0.4156
57.896,517.5,295.32,-0.51176,-0.67037,-0.34166,0.41471
63.839,518.91,295.27,-0.51684,-0.6689,-0.33791,0.41384
69.81,520.25,295.19,-0.5219,-0.66738,-0.33415,0.413
75.807,521.51,295.1,-0.52691,-0.66582,-0.33038,0.41219
81.827,522.69,294.99,-0.5319,-0.6642,-0.3266,0.4114
87.867,523.79,294.86,-0.53684,-0.66254,-0.32282,0.41065
93.924,524.82,294.71,-0.54174,-0.66083,-0.31903,0.40992
99.995,525.76,294.54,-0.54661,-0.65908,-0.31523,0.40923
106.08,526.62,294.36,-0.55143,-0.65728,-0.31144,0.40856
112.17,527.4,294.16,-0.5562,-0.65543,-0.30764,0.40793
118.26,528.1,293.94,-0.56092,-0.65355,-0.30385,0.40733
124.36,528.71,293.71,-0.5656,-0.65162,-0.30006,0.40676
130.46,529.24,293.45,-0.57023,-0.64965,-0.29627,0.40623
136.56,529.68,293.19,-0.57481,-0.64764,-0.29249,0.40573
142.65,530.05,292.9,-0.57933,-0.64559,-0.28872,0.40526
148.73,530.32,292.61,-0.5838,-0.6435,-0.28496,0.40483
154.8,530.52,292.3,-0.58822,-0.64137,-0.28121,0.40443
160.86,530.63,291.97,-0.59258,-0.63921,-0.27747,0.40407
166.9,530.66,291.63,-0.59688,-0.63702,-0.27375,0.40374
172.92,530.6,291.28,-0.60113,-0.63479,-0.27004,0.40345
178.92,530.46,290.91,-0.60531,-0.63253,-0.26635,0.40319
184.9,530.24,290.54,-0.60944,-0.63024,-0.26268,0.40297
190.85,529.94,290.15,-0.61351,-0.62791,-0.25904,0.40278
196.77,529.56,289.75,-0.61751,-0.62556,-0.25541,0.40263
202.66,529.1,289.34,-0.62146,-0.62319,-0.25181,0.40251
208.51,528.56,288.92,-0.62534,-0.62078,-0.24824,0.40243
214.33,527.94,288.49,-0.62916,-0.61836,-0.24469,0.40239
220.11,527.25,288.06,-0.63292,-0.6159,-0.24117,0.40238
225.86,526.47,287.61,-0.63662,-0.61343,-0.23767,0.40241
231.55,525.63,287.16,-0.64025,-0.61093,-0.23421,0.40247
237.21,524.71,286.7,-0.64382,-0.60842,-0.23078,0.40256
242.82,523.72,286.24,-0.64733,-0.60589,-0.22739,0.40269
248.38,522.66,285.77,-0.65077,-0.60334,-0.22402,0.40286
253.89,521.53,285.3,-0.65415,-0.60077,-0.2207,0.40305
259.35,520.33,284.82,-0.65747,-0.59819,-0.21741,0.40328
264.75,519.07,284.34,-0.66073,-0.59559,-0.21415,0.40355
270.11,517.74,283.85,-0.66392,-0.59298,-0.21094,0.40385
275.4,516.34,283.36,-0.66705,-0.59036,-0.20776,0.40417
280.64,514.89,282.87,-0.67011,-0.58774,-0.20462,0.40453
285.82,513.38,282.38,-0.67312,-0.5851,-0.20153,0.40493
290.94,511.81,281.89,-0.67606,-0.58245,-0.19847,0.40535
295.99,510.18,281.4,-0.67894,-0.5798,-0.19546,0.4058
300.99,508.5,280.9,-0.68176,-0.57714,-0.19249,0.40628
305.92,506.76,280.41,-0.68452,-0.57447,-0.18956,0.4068
310.79,504.97,279.92,-0.68721,-0.57181,-0.18668,0.40734
315.59,503.14,279.43,-0.68985,-0.56914,-0.18385,0.40791
320.33,501.25,278.94,-0.69243,-0.56646,-0.18106,0.4085
325,499.33,278.46,-0.69495,-0.56379,-0.17831,0.40912
329.6,497.35,277.97,-0.69742,-0.56112,-0.17561,0.40977
334.13,495.34,277.49,-0.69982,-0.55845,-0.17296,0.41045
338.6,493.29,277.02,-0.70217,-0.55578,-0.17035,0.41115
343,491.2,276.54,-0.70447,-0.55311,-0.16779,0.41187
347.33,489.07,276.07,-0.70671,-0.55045,-0.16528,0.41262
351.58,486.91,275.61,-0.70889,-0.54779,-0.16282,0.41339
355.77,484.71,275.15,-0.71102,-0.54513,-0.1604,0.41419
359.89,482.49,274.69,-0.7131,-0.54248,-0.15803,0.415
363.94,480.23,274.24,-0.71512,-0.53984,-0.15571,0.41584
367.92,477.95,273.79,-0.7171,-0.53721,-0.15344,0.41669
371.83,475.65,273.35,-0.71902,-0.53458,-0.15121,0.41757
375.67,473.32,272.92,-0.72089,-0.53196,-0.14904,0.41847
379.44,470.97,272.49,-0.72272,-0.52935,-0.14691,0.41938
383.14,468.6,272.06,-0.7245,-0.52675,-0.14482,0.42032
386.78,466.21,271.64,-0.72622,-0.52416,-0.14278,0.42127
390.34,463.8,271.23,-0.72791,-0.52158,-0.14079,0.42223
393.84,461.38,270.82,-0.72954,-0.51901,-0.13885,0.42322
397.27,458.95,270.42,-0.73114,-0.51645,-0.13695,0.42421
400.63,456.51,270.02,-0.73269,-0.51391,-0.1351,0.42523
403.93,454.05,269.63,-0.73419,-0.51137,-0.13329,0.42625
407.16,451.59,269.25,-0.73565,-0.50885,-0.13153,0.4273
410.33,449.12,268.87,-0.73708,-0.50634,-0.12981,0.42835
413.43,446.65,268.49,-0.73846,-0.50385,-0.12813,0.42942
416.47,444.17,268.12,-0.7398,-0.50137,-0.1265,0.43049
419.45,441.69,267.75,-0.7411,-0.4989,-0.12491,0.43158
422.37,439.21,267.39,-0.74237,-0.49644,-0.12336,0.43269
425.22,436.73,267.03,-0.7436,-0.494,-0.12185,0.4338
428.02,434.25,266.68,-0.74479,-0.49157,-0.12039,0.43492
430.76,431.77,266.33,-0.74595,-0.48916,-0.11896,0.43605
433.45,429.3,265.98,-0.74707,-0.48676,-0.11756,0.43719
436.08,426.83,265.63,-0.74816,-0.48437,-0.11621,0.43834
438.65,424.36,265.29,-0.74922,-0.482,-0.11489,0.43949
441.17,421.91,264.95,-0.75024,-0.47964,-0.11361,0.44065
443.64,419.46,264.61,-0.75123,-0.4773,-0.11237,0.44183
446.06,417.02,264.27,-0.7522,-0.47497,-0.11115,0.443
448.43,414.6,263.93,-0.75313,-0.47265,-0.10998,0.44419
450.75,412.18,263.59,-0.75403,-0.47035,-0.10883,0.44538
453.03,409.77,263.25,-0.75491,-0.46807,-0.10771,0.44657
455.25,407.38,262.92,-0.75576,-0.46579,-0.10663,0.44777
457.44,405.01,262.58,-0.75658,-0.46353,-0.10558,0.44898
459.57,402.64,262.24,-0.75737,-0.46129,-0.10455,0.45018
461.67,400.3,261.9,-0.75814,-0.45906,-0.10356,0.4514
463.72,397.97,261.55,-0.75889,-0.45685,-0.10259,0.45261
465.73,395.65,261.21,-0.75961,-0.45465,-0.10165,0.45383
467.7,393.36,260.86,-0.7603,-0.45246,-0.10073,0.45505
469.64,391.08,260.51,-0.76098,-0.45029,-0.099845,0.45627
471.53,388.82,260.16,-0.76163,-0.44813,-0.098982,0.4575
473.39,386.59,259.8,-0.76226,-0.44599,-0.098143,0.45872
475.21,384.37,259.44,-0.76286,-0.44386,-0.097328,0.45995
476.99,382.18,259.08,-0.76345,-0.44175,-0.096536,0.46118
478.74,380,258.71,-0.76402,-0.43965,-0.095766,0.4624
480.46,377.86,258.34,-0.76456,-0.43757,-0.095018,0.46363
482.14,375.73,257.97,-0.76509,-0.4355,-0.094292,0.46485
483.79,373.63,257.59,-0.7656,-0.43345,-0.093586,0.46608
485.41,371.55,257.21,-0.76609,-0.43141,-0.092901,0.4673
487,369.5,256.82,-0.76656,-0.42939,-0.092235,0.46852
488.56,367.48,256.43,-0.76701,-0.42738,-0.091588,0.46973
490.09,365.48,256.03,-0.76745,-0.42539,-0.090959,0.47095
491.59,363.51,255.63,-0.76787,-0.42342,-0.090349,0.47216
493.06,361.56,255.22,-0.76828,-0.42146,-0.089756,0.47336
494.5,359.65,254.81,-0.76866,-0.41951,-0.089179,0.47456
495.92,357.76,254.39,-0.76904,-0.41759,-0.08862,0.47576
497.31,355.9,253.97,-0.7694,-0.41568,-0.088076,0.47695
498.68,354.08,253.54,-0.76974,-0.41378,-0.087548,0.47814
500.02,352.28,253.11,-0.77008,-0.41191,-0.087035,0.47931
501.34,350.51,252.67,-0.77039,-0.41005,-0.086537,0.48049
502.63,348.78,252.23,-0.7707,-0.4082,-0.086054,0.48165
503.9,347.08,251.78,-0.77099,-0.40638,-0.085584,0.48281
505.14,345.41,251.33,-0.77127,-0.40457,-0.085128,0.48396
506.36,343.77,250.87,-0.77154,-0.40278,-0.084685,0.4851
507.56,342.17,250.41,-0.7718,-0.40101,-0.084256,0.48623
508.74,340.6,249.94,-0.77204,-0.39926,-0.083839,0.48735
509.89,339.06,249.47,-0.77228,-0.39753,-0.083434,0.48846
511.03,337.56,248.99,-0.7725,-0.39582,-0.083041,0.48957
512.14,336.1,248.51,-0.77272,-0.39412,-0.082661,0.49066
513.23,334.67,248.03,-0.77292,-0.39245,-0.082291,0.49174
514.3,333.28,247.54,-0.77312,-0.3908,-0.081934,0.4928
515.35,331.92,247.04,-0.7733,-0.38917,-0.081587,0.49386
516.38,330.61,246.55,-0.77348,-0.38756,-0.081251,0.4949
517.39,329.33,246.05,-0.77365,-0.38597,-0.080926,0.49593
518.38,328.09,245.55,-0.77381,-0.3844,-0.080612,0.49694
519.34,326.89,245.04,-0.77397,-0.38286,-0.080308,0.49794
520.29,325.72,244.54,-0.77411,-0.38134,-0.080015,0.49893
521.22,324.6,244.03,-0.77425,-0.37984,-0.079732,0.4999
522.13,323.52,243.52,-0.77438,-0.37837,-0.079459,0.50085
523.01,322.48,243,-0.77451,-0.37692,-0.079197,0.50179
523.88,321.48,242.49,-0.77463,-0.3755,-0.078945,0.50271
524.72,320.52,241.98,-0.77474,-0.3741,-0.078703,0.50361
525.55,319.61,241.47,-0.77485,-0.37273,-0.078471,0.5045
526.35,318.74,240.95,-0.77495,-0.37139,-0.078249,0.50536
527.14,317.91,240.44,-0.77505,-0.37008,-0.078038,0.50621
527.9,317.12,239.93,-0.77514,-0.36879,-0.077836,0.50704
528.64,316.39,239.42,-0.77523,-0.36753,-0.077646,0.50784
529.36,315.69,238.92,-0.77532,-0.36631,-0.077466,0.50863
530.06,315.04,238.41,-0.77539,-0.36511,-0.077297,0.5094
530.73,314.44,237.92,-0.77547,-0.36394,-0.077138,0.51014
531.38,313.88,237.42,-0.77554,-0.36281,-0.076991,0.51086
532.01,313.37,236.93,-0.77561,-0.36171,-0.076855,0.51156
532.62,312.91,236.44,-0.77567,-0.36064,-0.076731,0.51224
533.2,312.5,235.97,-0.77573,-0.35961,-0.076619,0.51289
533.75,312.13,235.49,-0.77579,-0.35861,-0.076519,0.51351
534.29,311.81,235.03,-0.77584,-0.35764,-0.076431,0.51412
534.79,311.55,234.57,-0.7759,-0.35672,-0.076356,0.51469
535.27,311.33,234.12,-0.77594,-0.35583,-0.076295,0.51524
535.72,311.16,233.68,-0.77599,-0.35498,-0.076247,0.51577
