-200.59,394.91,227.96,-0.22753,-0.75073,-0.45606,0.4203
-201.35,393.98,227.81,-0.22637,-0.75095,-0.45627,0.42029
-202.14,393.01,227.65,-0.22518,-0.75118,-0.45649,0.42029
-202.94,392.01,227.5,-0.22395,-0.7514,-0.45673,0.42029
-203.76,390.98,227.34,-0.22268,-0.75163,-0.45698,0.42029
-204.6,389.91,227.18,-0.22138,-0.75185,-0.45724,0.42029
-205.45,388.81,227.02,-0.22005,-0.75206,-0.45752,0.4203
-206.32,387.69,226.87,-0.21869,-0.75228,-0.45781,0.42031
-207.2,386.53,226.71,-0.2173,-0.75249,-0.45812,0.42032
-208.08,385.35,226.55,-0.21589,-0.75269,-0.45844,0.42034
-208.97,384.14,226.4,-0.21445,-0.75289,-0.45878,0.42035
-209.87,382.9,226.24,-0.213,-0.75307,-0.45913,0.42038
-210.77,381.65,226.1,-0.21152,-0.75325,-0.45949,0.4204
-211.66,380.37,225.95,-0.21003,-0.75342,-0.45987,0.42043
-212.56,379.07,225.81,-0.20852,-0.75358,-0.46027,0.42046
-213.45,377.76,225.68,-0.207,-0.75373,-0.46068,0.4205
-214.33,376.43,225.56,-0.20548,-0.75386,-0.46111,0.42054
-215.21,375.09,225.44,-0.20394,-0.75398,-0.46155,0.42059
-216.07,373.73,225.33,-0.2024,-0.75409,-0.46201,0.42064
-216.92,372.36,225.23,-0.20086,-0.75417,-0.46249,0.42069
-217.76,370.99,225.15,-0.19932,-0.75425,-0.46298,0.42075
-218.57,369.61,225.07,-0.19778,-0.7543,-0.46349,0.42082
-219.37,368.22,225.01,-0.19625,-0.75434,-0.46401,0.4209
-220.15,366.82,224.97,-0.19472,-0.75435,-0.46455,0.42098
-220.9,365.43,224.93,-0.19321,-0.75435,-0.46511,0.42107
-221.63,364.03,224.92,-0.1917,-0.75433,-0.46569,0.42116
-222.33,362.64,224.92,-0.19021,-0.75428,-0.46628,0.42126
-223.01,361.24,224.94,-0.18873,-0.75421,-0.46689,0.42138
-223.66,359.85,224.97,-0.18727,-0.75412,-0.46751,0.42149
-224.27,358.46,225.03,-0.18582,-0.75401,-0.46816,0.42162
-224.85,357.08,225.11,-0.1844,-0.75387,-0.46882,0.42176
-225.4,355.7,225.2,-0.183,-0.75371,-0.4695,0.4219
-225.92,354.34,225.32,-0.18162,-0.75353,-0.47019,0.42206
-226.4,352.98,225.47,-0.18027,-0.75331,-0.4709,0.42222
-226.84,351.63,225.63,-0.17894,-0.75307,-0.47163,0.4224
-227.24,350.29,225.82,-0.17765,-0.75281,-0.47238,0.42258
-227.61,348.96,226.04,-0.17638,-0.75252,-0.47315,0.42278
-227.93,347.65,226.28,-0.17514,-0.7522,-0.47393,0.42298
-228.22,346.35,226.55,-0.17393,-0.75185,-0.47473,0.4232
-228.46,345.07,226.84,-0.17276,-0.75148,-0.47555,0.42343
-228.66,343.79,227.17,-0.17161,-0.75108,-0.47638,0.42367
-228.82,342.54,227.52,-0.17051,-0.75064,-0.47723,0.42392
-228.93,341.3,227.9,-0.16944,-0.75018,-0.4781,0.42419
-229,340.08,228.31,-0.1684,-0.74969,-0.47899,0.42446
-229.02,338.87,228.75,-0.16741,-0.74917,-0.47989,0.42475
-228.99,337.68,229.21,-0.16645,-0.74863,-0.48081,0.42506
-228.92,336.51,229.72,-0.16553,-0.74805,-0.48175,0.42537
-228.8,335.36,230.25,-0.16465,-0.74744,-0.48271,0.4257
-228.64,334.22,230.81,-0.16381,-0.7468,-0.48368,0.42604
-228.43,333.11,231.41,-0.16301,-0.74613,-0.48467,0.4264
-228.16,332.01,232.03,-0.16226,-0.74543,-0.48568,0.42677
-227.85,330.93,232.69,-0.16154,-0.74469,-0.4867,0.42715
-227.49,329.87,233.39,-0.16087,-0.74393,-0.48774,0.42755
-227.08,328.83,234.11,-0.16023,-0.74313,-0.4888,0.42796
-226.62,327.8,234.87,-0.15964,-0.74231,-0.48987,0.42839
-226.12,326.79,235.66,-0.1591,-0.74145,-0.49096,0.42883
-225.56,325.8,236.48,-0.15859,-0.74056,-0.49207,0.42928
-224.95,324.83,237.34,-0.15813,-0.73964,-0.4932,0.42975
-224.29,323.88,238.23,-0.15771,-0.73869,-0.49434,0.43023
-223.58,322.94,239.15,-0.15733,-0.7377,-0.49549,0.43073
-222.82,322.02,240.11,-0.157,-0.73668,-0.49667,0.43124
-222,321.11,241.1,-0.1567,-0.73563,-0.49786,0.43177
-221.14,320.22,242.12,-0.15645,-0.73455,-0.49906,0.43231
-220.23,319.34,243.17,-0.15625,-0.73344,-0.50028,0.43287
-219.27,318.48,244.26,-0.15608,-0.73229,-0.50152,0.43344
-218.25,317.63,245.37,-0.15595,-0.73111,-0.50277,0.43402
-217.19,316.79,246.52,-0.15587,-0.7299,-0.50404,0.43462
-216.08,315.96,247.7,-0.15582,-0.72866,-0.50532,0.43523
-214.92,315.15,248.91,-0.15581,-0.72739,-0.50662,0.43585
-213.7,314.34,250.14,-0.15585,-0.72608,-0.50793,0.43649
-212.44,313.54,251.41,-0.15592,-0.72474,-0.50926,0.43715
-211.13,312.75,252.71,-0.15602,-0.72337,-0.5106,0.43781
-209.78,311.97,254.03,-0.15617,-0.72197,-0.51195,0.43849
-208.37,311.19,255.38,-0.15635,-0.72054,-0.51332,0.43918
-206.92,310.42,256.75,-0.15657,-0.71907,-0.51471,0.43989
-205.42,309.65,258.16,-0.15682,-0.71758,-0.5161,0.4406
-203.87,308.89,259.58,-0.1571,-0.71605,-0.51751,0.44133
-202.28,308.12,261.03,-0.15741,-0.71449,-0.51894,0.44208
-200.65,307.36,262.51,-0.15776,-0.7129,-0.52037,0.44283
-198.97,306.6,264,-0.15814,-0.71128,-0.52182,0.44359
-197.24,305.83,265.52,-0.15854,-0.70963,-0.52328,0.44437
-195.48,305.06,267.06,-0.15898,-0.70795,-0.52475,0.44516
-193.67,304.29,268.61,-0.15944,-0.70624,-0.52624,0.44595
-191.82,303.51,270.19,-0.15993,-0.70451,-0.52773,0.44676
-189.93,302.72,271.78,-0.16044,-0.70274,-0.52924,0.44758
-188.01,301.93,273.38,-0.16097,-0.70094,-0.53075,0.44841
-186.04,301.12,275,-0.16153,-0.69912,-0.53228,0.44924
-184.04,300.31,276.64,-0.1621,-0.69727,-0.53381,0.45009
-182.01,299.49,278.29,-0.1627,-0.69539,-0.53536,0.45094
-179.94,298.65,279.95,-0.16331,-0.69349,-0.53691,0.45181
-177.84,297.8,281.61,-0.16394,-0.69156,-0.53847,0.45268
-175.7,296.93,283.29,-0.16458,-0.68961,-0.54004,0.45355
-173.54,296.05,284.98,-0.16524,-0.68763,-0.54162,0.45444
-171.35,295.15,286.67,-0.1659,-0.68563,-0.5432,0.45533
-169.13,294.23,288.36,-0.16658,-0.6836,-0.54479,0.45623
-166.89,293.3,290.06,-0.16727,-0.68155,-0.54638,0.45713
-164.62,292.34,291.77,-0.16796,-0.67948,-0.54798,0.45804
-162.34,291.36,293.47,-0.16865,-0.6774,-0.54959,0.45896
-160.03,290.36,295.17,-0.16935,-0.67529,-0.5512,0.45988
-157.7,289.34,296.87,-0.17006,-0.67316,-0.55281,0.4608
-155.36,288.29,298.57,-0.17076,-0.67101,-0.55442,0.46173
-153,287.22,300.27,-0.17146,-0.66885,-0.55604,0.46267
-150.64,286.12,301.95,-0.17215,-0.66667,-0.55766,0.4636
-148.26,284.99,303.64,-0.17284,-0.66448,-0.55928,0.46454
-145.87,283.84,305.31,-0.17353,-0.66228,-0.56089,0.46549
-143.48,282.66,306.97,-0.1742,-0.66006,-0.56251,0.46643
-141.08,281.45,308.63,-0.17487,-0.65783,-0.56412,0.46738
-138.68,280.22,310.27,-0.17552,-0.65559,-0.56574,0.46833
-136.29,278.95,311.9,-0.17616,-0.65335,-0.56735,0.46928
-133.89,277.66,313.51,-0.17678,-0.6511,-0.56895,0.47023
-131.5,276.33,315.11,-0.17738,-0.64884,-0.57055,0.47119
-129.12,274.98,316.69,-0.17797,-0.64657,-0.57214,0.47215
-126.74,273.59,318.26,-0.17853,-0.64431,-0.57373,0.4731
-124.38,272.18,319.81,-0.17908,-0.64204,-0.57531,0.47406
-122.03,270.73,321.33,-0.1796,-0.63977,-0.57688,0.47502
-119.69,269.26,322.84,-0.1801,-0.6375,-0.57845,0.47598
-117.36,267.75,324.33,-0.18057,-0.63523,-0.58,0.47694
-115.06,266.22,325.8,-0.18102,-0.63297,-0.58155,0.4779
-112.77,264.65,327.24,-0.18143,-0.63071,-0.58308,0.47886
-110.51,263.06,328.66,-0.18182,-0.62845,-0.5846,0.47982
-108.26,261.44,330.06,-0.18218,-0.6262,-0.58611,0.48078
-106.04,259.79,331.44,-0.18251,-0.62396,-0.58761,0.48175
-103.85,258.11,332.79,-0.18281,-0.62172,-0.58909,0.48271
-101.68,256.4,334.11,-0.18308,-0.6195,-0.59056,0.48367
-99.541,254.67,335.42,-0.18331,-0.61729,-0.59202,0.48464
-97.431,252.91,336.69,-0.18351,-0.61508,-0.59346,0.4856
-95.352,251.12,337.94,-0.18367,-0.6129,-0.59488,0.48656
-93.305,249.31,339.16,-0.1838,-0.61072,-0.59629,0.48753
-91.292,247.48,340.36,-0.18389,-0.60856,-0.59767,0.48849
-89.312,245.62,341.53,-0.18394,-0.60642,-0.59905,0.48946
-87.369,243.74,342.67,-0.18396,-0.60429,-0.6004,0.49042
-85.461,241.84,343.79,-0.18394,-0.60219,-0.60173,0.49139
-83.592,239.91,344.88,-0.18388,-0.6001,-0.60304,0.49235
-81.76,237.97,345.94,-0.18378,-0.59803,-0.60433,0.49332
-79.968,236,346.97,-0.18364,-0.59598,-0.6056,0.49429
-78.216,234.02,347.98,-0.18347,-0.59396,-0.60685,0.49526
-76.505,232.02,348.95,-0.18325,-0.59196,-0.60808,0.49623
-74.836,230,349.9,-0.18299,-0.58998,-0.60929,0.4972
-73.209,227.96,350.82,-0.18269,-0.58803,-0.61047,0.49817
-71.625,225.91,351.72,-0.18235,-0.5861,-0.61163,0.49915
-70.085,223.85,352.59,-0.18197,-0.5842,-0.61276,0.50012
-68.589,221.77,353.42,-0.18155,-0.58232,-0.61387,0.5011
-67.137,219.68,354.24,-0.18109,-0.58048,-0.61496,0.50208
-65.731,217.57,355.02,-0.18059,-0.57866,-0.61602,0.50305
-64.37,215.46,355.78,-0.18004,-0.57687,-0.61705,0.50404
-63.054,213.33,356.51,-0.17945,-0.57511,-0.61806,0.50502
-61.785,211.2,357.21,-0.17883,-0.57339,-0.61904,0.506
-60.562,209.05,357.89,-0.17816,-0.57169,-0.61999,0.50699
-59.386,206.9,358.54,-0.17744,-0.57003,-0.62092,0.50798
-58.256,204.75,359.16,-0.17669,-0.56839,-0.62182,0.50897
-57.173,202.58,359.76,-0.1759,-0.56679,-0.62269,0.50996
-56.138,200.42,360.33,-0.17506,-0.56523,-0.62353,0.51096
-55.149,198.24,360.87,-0.17419,-0.56369,-0.62435,0.51195
-54.208,196.07,361.39,-0.17327,-0.5622,-0.62514,0.51295
-53.313,193.89,361.88,-0.17231,-0.56073,-0.62589,0.51395
-52.466,191.71,362.35,-0.17131,-0.5593,-0.62662,0.51495
-51.666,189.53,362.8,-0.17027,-0.55791,-0.62732,0.51596
-50.912,187.35,363.22,-0.16919,-0.55655,-0.62799,0.51697
-50.206,185.16,363.61,-0.16808,-0.55523,-0.62863,0.51798
-49.546,182.98,363.98,-0.16692,-0.55394,-0.62924,0.51899
-48.932,180.8,364.33,-0.16572,-0.55269,-0.62982,0.52
-48.364,178.62,364.65,-0.16449,-0.55148,-0.63037,0.52101
-47.842,176.45,364.96,-0.16322,-0.5503,-0.63089,0.52203
-47.366,174.28,365.23,-0.16191,-0.54916,-0.63138,0.52305
-46.935,172.11,365.49,-0.16056,-0.54805,-0.63183,0.52407
-46.549,169.94,365.72,-0.15917,-0.54699,-0.63226,0.52509
-46.208,167.79,365.93,-0.15775,-0.54596,-0.63266,0.52611
-45.911,165.63,366.12,-0.15629,-0.54496,-0.63303,0.52713
-45.657,163.48,366.29,-0.1548,-0.544,-0.63336,0.52815
-45.447,161.34,366.43,-0.15327,-0.54308,-0.63367,0.52918
-45.28,159.21,366.56,-0.15171,-0.5422,-0.63395,0.5302
-45.155,157.08,366.66,-0.15012,-0.54135,-0.63419,0.53123
-45.072,154.96,366.74,-0.14849,-0.54054,-0.63441,0.53225
-45.031,152.84,366.81,-0.14682,-0.53976,-0.6346,0.53328
-45.03,150.74,366.85,-0.14513,-0.53902,-0.63475,0.53431
-45.07,148.64,366.87,-0.1434,-0.53832,-0.63488,0.53533
-45.149,146.55,366.87,-0.14165,-0.53765,-0.63498,0.53636
-45.268,144.47,366.86,-0.13986,-0.53701,-0.63505,0.53738
-45.425,142.4,366.82,-0.13804,-0.53641,-0.63509,0.5384
-45.62,140.34,366.76,-0.1362,-0.53584,-0.6351,0.53942
-45.853,138.29,366.69,-0.13432,-0.53531,-0.63508,0.54044
-46.122,136.25,366.6,-0.13242,-0.53481,-0.63503,0.54146
-46.427,134.21,366.49,-0.13049,-0.53434,-0.63496,0.54247
-46.768,132.19,366.36,-0.12854,-0.53391,-0.63486,0.54348
-47.143,130.17,366.21,-0.12655,-0.5335,-0.63474,0.54449
-47.552,128.17,366.05,-0.12455,-0.53313,-0.63458,0.54549
-47.994,126.18,365.87,-0.12252,-0.53279,-0.6344,0.5465
-48.469,124.19,365.67,-0.12046,-0.53248,-0.6342,0.54749
-48.976,122.22,365.45,-0.11839,-0.5322,-0.63397,0.54849
-49.513,120.26,365.21,-0.11629,-0.53195,-0.63371,0.54947
-50.08,118.3,364.96,-0.11417,-0.53172,-0.63343,0.55046
-50.677,116.36,364.7,-0.11203,-0.53152,-0.63313,0.55143
-51.303,114.42,364.41,-0.10987,-0.53135,-0.6328,0.5524
-51.956,112.5,364.11,-0.10769,-0.53121,-0.63245,0.55337
-52.636,110.59,363.8,-0.1055,-0.53109,-0.63208,0.55433
-53.342,108.68,363.46,-0.10328,-0.531,-0.63169,0.55528
-54.074,106.79,363.11,-0.10105,-0.53093,-0.63128,0.55622
-54.83,104.9,362.75,-0.098806,-0.53088,-0.63085,0.55716
-55.611,103.03,362.37,-0.096545,-0.53086,-0.6304,0.55809
-56.415,101.16,361.98,-0.094269,-0.53086,-0.62993,0.55901
-57.241,99.306,361.56,-0.091979,-0.53088,-0.62944,0.55992
-58.09,97.459,361.14,-0.089676,-0.53092,-0.62893,0.56083
-58.96,95.62,360.7,-0.087359,-0.53099,-0.62841,0.56172
-59.852,93.79,360.24,-0.085031,-0.53107,-0.62786,0.5626
-60.763,91.969,359.77,-0.08269,-0.53117,-0.62731,0.56348
-61.695,90.156,359.28,-0.080339,-0.53129,-0.62674,0.56434
-62.646,88.351,358.78,-0.077976,-0.53143,-0.62615,0.56519
-63.615,86.555,358.26,-0.075603,-0.53158,-0.62555,0.56603
-64.604,84.765,357.73,-0.073219,-0.53176,-0.62493,0.56686
-65.61,82.984,357.18,-0.070826,-0.53195,-0.62431,0.56768
-66.633,81.209,356.62,-0.068424,-0.53215,-0.62367,0.56848
-67.674,79.441,356.04,-0.066012,-0.53237,-0.62302,0.56928
-68.732,77.68,355.45,-0.063592,-0.5326,-0.62235,0.57006
-69.806,75.926,354.84,-0.061164,-0.53285,-0.62168,0.57082
-70.896,74.177,354.22,-0.058727,-0.53312,-0.621,0.57158
-72.001,72.435,353.58,-0.056282,-0.53339,-0.6203,0.57232
-73.122,70.697,352.92,-0.053829,-0.53368,-0.6196,0.57304
-74.258,68.965,352.25,-0.051369,-0.53398,-0.61889,0.57375
-75.409,67.238,351.57,-0.048901,-0.5343,-0.61818,0.57445
-76.574,65.515,350.87,-0.046426,-0.53462,-0.61745,0.57513
-77.754,63.796,350.15,-0.043943,-0.53496,-0.61672,0.5758
-78.947,62.082,349.42,-0.041454,-0.53531,-0.61598,0.57645
-80.154,60.37,348.67,-0.038957,-0.53566,-0.61524,0.57708
-81.375,58.662,347.9,-0.036453,-0.53603,-0.6145,0.5777
-82.608,56.956,347.12,-0.033942,-0.53641,-0.61374,0.5783
-83.855,55.253,346.32,-0.031424,-0.53679,-0.61299,0.57889
-85.115,53.551,345.5,-0.028899,-0.53718,-0.61223,0.57946
-86.387,51.851,344.67,-0.026367,-0.53759,-0.61147,0.58001
-87.672,50.152,343.81,-0.023828,-0.538,-0.61071,0.58054
-88.969,48.453,342.95,-0.021281,-0.53841,-0.60995,0.58106
-90.278,46.755,342.06,-0.018727,-0.53884,-0.60918,0.58155
-91.6,45.057,341.15,-0.016166,-0.53927,-0.60842,0.58203
-92.933,43.357,340.23,-0.013596,-0.5397,-0.60765,0.58249
-94.278,41.657,339.29,-0.011019,-0.54015,-0.60689,0.58293
-95.634,39.955,338.33,-0.0084336,-0.54059,-0.60613,0.58335
-97.002,38.251,337.35,-0.0058399,-0.54105,-0.60537,0.58375
-98.381,36.544,336.35,-0.0032376,-0.5415,-0.60461,0.58413
-99.772,34.835,335.32,-0.00062654,-0.54197,-0.60385,0.58449
-101.17,33.121,334.28,0.0019937,-0.54243,-0.6031,0.58483
-102.59,31.404,333.22,0.0046233,-0.5429,-0.60236,0.58515
-104.01,29.682,332.14,0.0072626,-0.54337,-0.60161,0.58545
-105.44,27.955,331.03,0.009912,-0.54385,-0.60088,0.58573
-106.89,26.222,329.91,0.012572,-0.54433,-0.60014,0.58599
-108.35,24.483,328.76,0.015242,-0.54481,-0.59942,0.58622
-109.81,22.738,327.58,0.017924,-0.54529,-0.5987,0.58643
-111.29,20.985,326.39,0.020617,-0.54577,-0.59799,0.58662
-112.78,19.224,325.17,0.023323,-0.54625,-0.59728,0.58679
-114.27,17.455,323.92,0.026041,-0.54674,-0.59658,0.58693
-115.78,15.677,322.65,0.028771,-0.54722,-0.5959,0.58705
-117.3,13.889,321.36,0.031515,-0.54771,-0.59522,0.58715
-118.83,12.091,320.04,0.034273,-0.54819,-0.59455,0.58722
-120.37,10.282,318.69,0.037045,-0.54867,-0.59389,0.58727
-121.91,8.4622,317.31,0.039833,-0.54915,-0.59324,0.58729
-123.47,6.6303,315.91,0.042635,-0.54963,-0.5926,0.58729
-125.04,4.7858,314.48,0.045454,-0.5501,-0.59198,0.58727
-126.61,2.9281,313.02,0.048289,-0.55058,-0.59136,0.58722
-128.2,1.0567,311.52,0.051141,-0.55105,-0.59076,0.58714
-129.79,-0.82916,310,0.05401,-0.55151,-0.59017,0.58704
-131.39,-2.73,308.45,0.056898,-0.55197,-0.5896,0.58691
-133,-4.6465,306.86,0.059805,-0.55243,-0.58904,0.58676
-134.62,-6.5793,305.25,0.062732,-0.55288,-0.58849,0.58658
-136.25,-8.529,303.59,0.065678,-0.55332,-0.58796,0.58637
-137.89,-10.496,301.91,0.068645,-0.55376,-0.58744,0.58613
-139.53,-12.482,300.19,0.071634,-0.55419,-0.58694,0.58587
-141.19,-14.486,298.43,0.074645,-0.55461,-0.58646,0.58558
-142.85,-16.509,296.64,0.077678,-0.55503,-0.58599,0.58526
-144.51,-18.553,294.8,0.080735,-0.55543,-0.58554,0.58491
-146.19,-20.617,292.93,0.083816,-0.55583,-0.58511,0.58453
