-206.62,373.28,182.37,-0.25917,-0.77099,-0.45467,0.36287
-206.55,373.37,182.31,-0.25922,-0.77109,-0.45494,0.3623
-206.48,373.43,182.25,-0.25926,-0.77117,-0.45522,0.36175
-206.39,373.48,182.2,-0.25928,-0.77123,-0.45551,0.36124
-206.29,373.51,182.16,-0.25928,-0.77127,-0.45581,0.36077
-206.18,373.52,182.12,-0.25926,-0.77129,-0.45613,0.36034
-206.05,373.5,182.09,-0.25922,-0.77128,-0.45647,0.35995
-205.92,373.46,182.07,-0.25914,-0.77126,-0.45682,0.35961
-205.77,373.38,182.06,-0.25904,-0.77121,-0.4572,0.35931
-205.6,373.28,182.05,-0.25891,-0.77113,-0.45758,0.35908
-205.42,373.15,182.06,-0.25874,-0.77103,-0.45799,0.3589
-205.23,372.98,182.07,-0.25854,-0.7709,-0.45842,0.35878
-205.02,372.78,182.1,-0.25829,-0.77074,-0.45887,0.35873
-204.79,372.53,182.14,-0.25801,-0.77055,-0.45934,0.35875
-204.55,372.25,182.19,-0.25768,-0.77032,-0.45983,0.35884
-204.29,371.92,182.25,-0.2573,-0.77006,-0.46034,0.35901
-204.01,371.54,182.32,-0.25687,-0.76976,-0.46088,0.35927
-203.72,371.12,182.41,-0.25639,-0.76943,-0.46144,0.35961
-203.4,370.64,182.51,-0.25585,-0.76905,-0.46203,0.36004
-203.07,370.11,182.62,-0.25525,-0.76864,-0.46265,0.36056
-202.71,369.53,182.75,-0.2546,-0.76818,-0.46329,0.36118
-202.34,368.88,182.89,-0.25387,-0.76767,-0.46395,0.36191
-201.94,368.18,183.04,-0.25308,-0.76712,-0.46465,0.36274
-201.52,367.41,183.21,-0.25223,-0.76652,-0.46537,0.36367
-201.08,366.58,183.39,-0.2513,-0.76587,-0.46613,0.36472
-200.61,365.69,183.59,-0.25029,-0.76517,-0.46691,0.36589
-200.12,364.73,183.8,-0.24921,-0.76441,-0.46772,0.36717
-199.6,363.69,184.02,-0.24805,-0.7636,-0.46856,0.36857
-199.05,362.59,184.25,-0.24682,-0.76273,-0.46942,0.3701
-198.48,361.42,184.5,-0.24549,-0.7618,-0.47032,0.37174
-197.88,360.17,184.76,-0.24409,-0.76081,-0.47125,0.37352
-197.25,358.84,185.03,-0.24259,-0.75975,-0.47221,0.37543
-196.59,357.44,185.31,-0.24101,-0.75863,-0.47319,0.37747
-195.89,355.97,185.6,-0.23934,-0.75744,-0.47421,0.37964
-195.17,354.41,185.9,-0.23758,-0.75618,-0.47525,0.38195
-194.41,352.78,186.21,-0.23572,-0.75485,-0.47632,0.38439
-193.61,351.07,186.53,-0.23377,-0.75345,-0.47741,0.38697
-192.78,349.27,186.85,-0.23172,-0.75197,-0.47853,0.38969
-191.91,347.4,187.17,-0.22957,-0.7504,-0.47968,0.39255
-191,345.44,187.5,-0.22733,-0.74876,-0.48085,0.39555
-190.05,343.41,187.83,-0.22498,-0.74703,-0.48205,0.39869
-189.06,341.29,188.16,-0.22254,-0.74522,-0.48327,0.40197
-188.02,339.09,188.49,-0.21999,-0.74331,-0.4845,0.4054
-186.94,336.81,188.82,-0.21734,-0.74131,-0.48576,0.40897
-185.81,334.46,189.14,-0.21459,-0.73922,-0.48704,0.41268
-184.63,332.02,189.46,-0.21174,-0.73703,-0.48833,0.41653
-183.41,329.5,189.76,-0.20878,-0.73473,-0.48964,0.42052
-182.13,326.9,190.06,-0.20572,-0.73234,-0.49095,0.42465
-180.8,324.23,190.35,-0.20255,-0.72983,-0.49228,0.42892
-179.41,321.48,190.62,-0.19928,-0.72722,-0.49362,0.43333
-177.97,318.65,190.87,-0.1959,-0.72449,-0.49497,0.43788
-176.47,315.75,191.1,-0.19242,-0.72165,-0.49632,0.44257
-174.91,312.78,191.32,-0.18884,-0.71869,-0.49767,0.44739
-173.29,309.74,191.5,-0.18515,-0.7156,-0.49902,0.45234
-171.61,306.64,191.67,-0.18136,-0.71239,-0.50037,0.45742
-169.86,303.46,191.8,-0.17747,-0.70905,-0.50172,0.46263
-168.05,300.23,191.9,-0.17347,-0.70559,-0.50305,0.46797
-166.17,296.93,191.97,-0.16938,-0.70198,-0.50438,0.47343
-164.22,293.58,192,-0.16519,-0.69824,-0.50569,0.47901
-162.21,290.17,192,-0.1609,-0.69436,-0.50699,0.48471
-160.12,286.71,191.95,-0.15652,-0.69033,-0.50826,0.49052
-157.96,283.2,191.85,-0.15204,-0.68616,-0.50952,0.49645
-155.73,279.64,191.71,-0.14747,-0.68184,-0.51075,0.50248
-153.43,276.05,191.52,-0.1428,-0.67737,-0.51195,0.50862
-151.05,272.41,191.28,-0.13805,-0.67274,-0.51312,0.51485
-148.6,268.75,190.99,-0.13322,-0.66796,-0.51425,0.52118
-146.07,265.05,190.63,-0.12829,-0.66301,-0.51535,0.52761
-143.47,261.32,190.22,-0.12329,-0.65791,-0.51641,0.53412
-140.79,257.58,189.74,-0.11821,-0.65264,-0.51742,0.54071
-138.04,253.82,189.2,-0.11305,-0.6472,-0.51839,0.54738
-135.22,250.04,188.59,-0.10782,-0.6416,-0.51931,0.55412
-132.31,246.26,187.92,-0.10252,-0.63582,-0.52017,0.56093
-129.34,242.48,187.17,-0.097159,-0.62988,-0.52098,0.5678
-126.29,238.69,186.35,-0.091729,-0.62377,-0.52173,0.57472
-123.18,234.92,185.45,-0.086241,-0.61748,-0.52241,0.5817
-119.99,231.15,184.48,-0.080696,-0.61101,-0.52303,0.58872
-116.73,227.4,183.43,-0.075099,-0.60438,-0.52359,0.59578
-113.4,223.68,182.29,-0.069453,-0.59756,-0.52407,0.60287
-110.01,219.98,181.08,-0.063764,-0.59057,-0.52448,0.60998
-106.56,216.31,179.79,-0.058034,-0.58341,-0.52481,0.61712
-103.05,212.68,178.41,-0.052269,-0.57607,-0.52507,0.62427
-99.476,209.09,176.94,-0.046472,-0.56856,-0.52524,0.63143
-95.849,205.55,175.39,-0.040649,-0.56087,-0.52533,0.63859
-92.169,202.06,173.76,-0.034802,-0.55302,-0.52534,0.64574
-88.441,198.62,172.04,-0.028938,-0.54499,-0.52526,0.65288
-84.667,195.25,170.24,-0.023061,-0.53679,-0.5251,0.66
-80.851,191.95,168.35,-0.017175,-0.52843,-0.52484,0.66709
-76.997,188.71,166.38,-0.011286,-0.51991,-0.52449,0.67415
-73.109,185.55,164.32,-0.0053981,-0.51122,-0.52405,0.68117
-69.191,182.46,162.18,0.0004838,-0.50238,-0.52352,0.68815
-65.248,179.46,159.96,0.0063547,-0.49339,-0.52289,0.69507
-61.283,176.55,157.66,0.01221,-0.48424,-0.52217,0.70193
-57.302,173.72,155.28,0.018044,-0.47495,-0.52135,0.70873
-53.309,170.99,152.82,0.023852,-0.46552,-0.52043,0.71545
-49.309,168.35,150.29,0.029629,-0.45596,-0.51943,0.7221
-45.307,165.81,147.68,0.035371,-0.44626,-0.51832,0.72866
-41.308,163.37,145.01,0.041072,-0.43644,-0.51712,0.73513
-37.316,161.03,142.27,0.046728,-0.42651,-0.51583,0.7415
-33.338,158.8,139.47,0.052334,-0.41646,-0.51445,0.74778
-29.377,156.68,136.61,0.057885,-0.4063,-0.51297,0.75394
-25.44,154.66,133.69,0.063376,-0.39606,-0.51141,0.75999
-21.53,152.75,130.72,0.068804,-0.38572,-0.50975,0.76593
-17.653,150.95,127.7,0.074163,-0.37529,-0.50801,0.77174
-13.814,149.26,124.64,0.079449,-0.3648,-0.50619,0.77742
-10.017,147.68,121.54,0.084657,-0.35424,-0.50428,0.78297
-6.2672,146.2,118.4,0.089785,-0.34362,-0.5023,0.78839
-2.569,144.83,115.23,0.094828,-0.33296,-0.50023,0.79367
1.0737,143.57,112.04,0.099782,-0.32226,-0.4981,0.79881
4.6569,142.42,108.83,0.10464,-0.31152,-0.49589,0.8038
8.1769,141.36,105.6,0.10941,-0.30077,-0.49362,0.80864
11.63,140.41,102.36,0.11408,-0.29,-0.49129,0.81334
15.014,139.56,99.114,0.11865,-0.27923,-0.48889,0.81788
18.326,138.8,95.868,0.12311,-0.26847,-0.48644,0.82228
21.562,138.13,92.625,0.12747,-0.25772,-0.48394,0.82652
24.722,137.56,89.391,0.13172,-0.24699,-0.48139,0.83061
27.802,137.07,86.169,0.13587,-0.23629,-0.47879,0.83454
30.802,136.66,82.966,0.1399,-0.22564,-0.47615,0.83833
33.719,136.33,79.785,0.14382,-0.21503,-0.47348,0.84196
36.554,136.08,76.63,0.14763,-0.20447,-0.47077,0.84544
39.304,135.9,73.506,0.15132,-0.19398,-0.46804,0.84877
41.97,135.79,70.418,0.1549,-0.18355,-0.46528,0.85196
44.551,135.74,67.368,0.15837,-0.17321,-0.4625,0.85499
47.047,135.75,64.362,0.16172,-0.16295,-0.4597,0.85789
49.459,135.82,61.403,0.16495,-0.15279,-0.45689,0.86064
51.786,135.94,58.494,0.16807,-0.14272,-0.45407,0.86325
54.03,136.1,55.639,0.17108,-0.13276,-0.45124,0.86573
56.192,136.31,52.842,0.17397,-0.12291,-0.44842,0.86807
58.272,136.56,50.105,0.17674,-0.11318,-0.44559,0.87029
60.272,136.85,47.432,0.17941,-0.10358,-0.44277,0.87237
62.193,137.16,44.825,0.18196,-0.094101,-0.43997,0.87434
64.037,137.5,42.288,0.1844,-0.084762,-0.43717,0.87618
65.805,137.87,39.822,0.18672,-0.075564,-0.43439,0.87791
67.501,138.26,37.431,0.18894,-0.066512,-0.43164,0.87953
69.124,138.66,35.116,0.19105,-0.05761,-0.4289,0.88104
70.679,139.08,32.88,0.19305,-0.048864,-0.42619,0.88244
72.166,139.5,30.724,0.19495,-0.040277,-0.42351,0.88375
73.589,139.94,28.65,0.19674,-0.031853,-0.42087,0.88496
74.949,140.37,26.66,0.19843,-0.023597,-0.41826,0.88608
76.249,140.81,24.756,0.20002,-0.015511,-0.41568,0.88711
77.491,141.24,22.939,0.2015,-0.0075991,-0.41315,0.88806
78.678,141.67,21.209,0.20289,0.00013578,-0.41066,0.88893
79.813,142.09,19.569,0.20419,0.0076909,-0.40821,0.88972
80.897,142.49,18.018,0.20539,0.015064,-0.40582,0.89045
81.934,142.89,16.559,0.20649,0.022252,-0.40347,0.89111
82.926,143.27,15.191,0.20751,0.029254,-0.40117,0.89171
83.875,143.64,13.916,0.20843,0.036067,-0.39892,0.89225
84.784,143.99,12.733,0.20927,0.04269,-0.39673,0.89274
85.654,144.31,11.644,0.21003,0.049121,-0.3946,0.89318
86.489,144.62,10.648,0.2107,0.055359,-0.39252,0.89357
87.291,144.9,9.7455,0.21129,0.061404,-0.3905,0.89392
88.062,145.16,8.9369,0.2118,0.067254,-0.38854,0.89423
88.804,145.39,8.2221,0.21223,0.072909,-0.38664,0.89451
89.519,145.6,7.6011,0.21258,0.078368,-0.3848,0.89476
90.209,145.78,7.0735,0.21286,0.083632,-0.38303,0.89498
90.876,145.94,6.6393,0.21307,0.088699,-0.38132,0.89517
91.522,146.06,6.2981,0.21321,0.093571,-0.37967,0.89534
92.148,146.16,6.0494,0.21328,0.098248,-0.37808,0.8955
92.756,146.23,5.8928,0.21328,0.10273,-0.37656,0.89563
93.348,146.27,5.8278,0.21322,0.10702,-0.3751,0.89576
93.926,146.29,5.8538,0.21309,0.11111,-0.37371,0.89587
94.489,146.27,5.97,0.2129,0.11501,-0.37237,0.89598
95.041,146.23,6.1757,0.21266,0.11873,-0.37111,0.89608
95.581,146.16,6.4701,0.21235,0.12225,-0.3699,0.89618
96.111,146.06,6.8523,0.21199,0.12558,-0.36876,0.89627
96.632,145.94,7.3213,0.21157,0.12873,-0.36768,0.89637
97.144,145.79,7.8761,0.2111,0.13169,-0.36666,0.89647
97.649,145.62,8.5155,0.21058,0.13447,-0.36571,0.89657
98.147,145.42,9.2385,0.21,0.13707,-0.36481,0.89667
98.639,145.2,10.044,0.20938,0.1395,-0.36397,0.89678
99.125,144.96,10.93,0.20871,0.14174,-0.3632,0.8969
99.606,144.69,11.896,0.208,0.14382,-0.36247,0.89703
100.08,144.41,12.939,0.20724,0.14572,-0.36181,0.89717
100.55,144.11,14.06,0.20644,0.14745,-0.3612,0.89732
101.02,143.79,15.255,0.20559,0.14902,-0.36064,0.89748
101.48,143.45,16.524,0.20471,0.15043,-0.36013,0.89764
101.94,143.1,17.864,0.20379,0.15169,-0.35968,0.89783
102.39,142.74,19.274,0.20283,0.15278,-0.35928,0.89802
102.84,142.36,20.751,0.20184,0.15373,-0.35892,0.89822
103.28,141.98,22.294,0.20081,0.15453,-0.35861,0.89844
103.72,141.58,23.901,0.19975,0.15518,-0.35834,0.89867
104.15,141.18,25.569,0.19866,0.1557,-0.35812,0.89891
104.58,140.77,27.296,0.19754,0.15608,-0.35794,0.89917
105,140.36,29.079,0.19639,0.15633,-0.3578,0.89943
105.42,139.95,30.917,0.19521,0.15645,-0.35769,0.89971
105.83,139.53,32.807,0.19401,0.15645,-0.35763,0.89999
106.24,139.12,34.745,0.19278,0.15634,-0.35759,0.90029
106.64,138.71,36.73,0.19153,0.15611,-0.35759,0.9006
107.03,138.3,38.758,0.19026,0.15577,-0.35762,0.90091
107.41,137.89,40.826,0.18897,0.15534,-0.35768,0.90123
107.79,137.5,42.932,0.18766,0.1548,-0.35777,0.90157
108.16,137.11,45.072,0.18634,0.15418,-0.35788,0.9019
108.53,136.73,47.243,0.185,0.15346,-0.35802,0.90225
108.88,136.36,49.441,0.18364,0.15267,-0.35817,0.9026
109.23,136,51.664,0.18228,0.15181,-0.35835,0.90295
109.57,135.66,53.908,0.18091,0.15087,-0.35854,0.9033
109.9,135.33,56.168,0.17952,0.14987,-0.35875,0.90366
110.23,135.01,58.444,0.17814,0.14882,-0.35898,0.90402
110.54,134.71,60.73,0.17674,0.14771,-0.35921,0.90438
110.85,134.43,63.023,0.17535,0.14656,-0.35946,0.90474
111.15,134.17,65.322,0.17395,0.14537,-0.35972,0.9051
111.45,133.92,67.621,0.17255,0.14414,-0.35999,0.90546
111.73,133.69,69.919,0.17115,0.14288,-0.36026,0.90582
112.01,133.48,72.213,0.16976,0.14159,-0.36055,0.90617
112.28,133.3,74.499,0.16836,0.14028,-0.36083,0.90652
112.54,133.13,76.775,0.16698,0.13896,-0.36112,0.90686
112.8,132.98,79.037,0.1656,0.13762,-0.36142,0.9072
113.05,132.85,81.284,0.16423,0.13628,-0.36171,0.90754
113.29,132.74,83.512,0.16287,0.13493,-0.36201,0.90786
113.53,132.65,85.719,0.16152,0.13359,-0.36231,0.90818
113.76,132.58,87.902,0.16019,0.13225,-0.36261,0.9085
113.99,132.54,90.058,0.15887,0.13092,-0.3629,0.9088
114.21,132.51,92.186,0.15756,0.1296,-0.3632,0.9091
114.42,132.5,94.283,0.15628,0.1283,-0.3635,0.90939
114.64,132.51,96.347,0.15501,0.12703,-0.36379,0.90967
114.85,132.54,98.375,0.15376,0.12578,-0.36408,0.90994
115.05,132.58,100.37,0.15253,0.12455,-0.36436,0.9102
115.26,132.65,102.32,0.15132,0.12336,-0.36465,0.91045
115.46,132.73,104.23,0.15014,0.12221,-0.36493,0.91069
115.66,132.82,106.09,0.14898,0.1211,-0.3652,0.91092
115.86,132.94,107.91,0.14784,0.12002,-0.36548,0.91113
116.05,133.07,109.69,0.14674,0.11899,-0.36574,0.91134
116.25,133.21,111.41,0.14566,0.11801,-0.36601,0.91153
116.45,133.36,113.08,0.14461,0.11708,-0.36627,0.91172
116.64,133.53,114.71,0.14359,0.11621,-0.36653,0.91189
116.84,133.72,116.27,0.14261,0.11539,-0.36678,0.91204
117.04,133.91,117.79,0.14165,0.11463,-0.36703,0.91219
117.24,134.11,119.25,0.14074,0.11393,-0.36727,0.91232
117.45,134.32,120.65,0.13985,0.11329,-0.36751,0.91244
117.65,134.55,121.99,0.139,0.11272,-0.36775,0.91254
117.86,134.78,123.27,0.13819,0.11221,-0.36798,0.91264
118.08,135.01,124.49,0.13741,0.11178,-0.36821,0.91271
118.29,135.26,125.64,0.13668,0.11141,-0.36843,0.91278
118.51,135.51,126.74,0.13598,0.11112,-0.36866,0.91283
118.74,135.76,127.77,0.13532,0.11091,-0.36888,0.91286
118.97,136.02,128.74,0.13471,0.11077,-0.3691,0.91288
119.2,136.28,129.64,0.13414,0.1107,-0.36932,0.91289
119.44,136.55,130.47,0.1336,0.11072,-0.36953,0.91287
119.68,136.82,131.24,0.13312,0.11081,-0.36974,0.91285
119.93,137.09,131.94,0.13267,0.11099,-0.36995,0.9128
120.19,137.35,132.57,0.13227,0.11125,-0.37017,0.91275
120.44,137.62,133.14,0.13192,0.11159,-0.37038,0.91267
120.71,137.89,133.63,0.13161,0.11201,-0.37059,0.91258
120.98,138.16,134.06,0.13135,0.11252,-0.3708,0.91247
121.25,138.43,134.41,0.13114,0.11311,-0.37101,0.91234
121.53,138.69,134.7,0.13097,0.11379,-0.37122,0.91219
121.82,138.95,134.92,0.13085,0.11455,-0.37143,0.91203
122.11,139.21,135.06,0.13078,0.1154,-0.37164,0.91185
122.4,139.47,135.14,0.13076,0.11634,-0.37185,0.91164
122.7,139.72,135.14,0.13078,0.11735,-0.37207,0.91142
123.01,139.96,135.07,0.13086,0.11846,-0.37229,0.91118
123.31,140.21,134.94,0.13099,0.11965,-0.3725,0.91092
123.62,140.45,134.73,0.13116,0.12092,-0.37273,0.91063
123.94,140.68,134.45,0.13138,0.12228,-0.37295,0.91033
124.26,140.91,134.1,0.13166,0.12372,-0.37318,0.91
124.57,141.14,133.69,0.13198,0.12524,-0.37341,0.90965
124.9,141.36,133.2,0.13236,0.12685,-0.37364,0.90928
125.22,141.57,132.64,0.13278,0.12853,-0.37388,0.90888
125.54,141.78,132.01,0.13325,0.1303,-0.37412,0.90846
125.87,141.99,131.32,0.13378,0.13214,-0.37436,0.90802
126.19,142.19,130.55,0.13435,0.13406,-0.37461,0.90755
126.51,142.38,129.72,0.13498,0.13606,-0.37487,0.90705
126.83,142.58,128.83,0.13565,0.13814,-0.37512,0.90653
127.15,142.77,127.86,0.13637,0.14028,-0.37538,0.90599
127.47,142.95,126.83,0.13714,0.1425,-0.37565,0.90541
127.79,143.13,125.74,0.13796,0.14479,-0.37592,0.90481
128.09,143.31,124.58,0.13883,0.14714,-0.3762,0.90419
128.4,143.49,123.35,0.13974,0.14956,-0.37648,0.90353
128.7,143.66,122.07,0.1407,0.15204,-0.37676,0.90285
