-181.5,335.75,254.21,-0.23086,-0.73764,-0.41615,0.47897
-181.53,335.63,254.23,-0.23085,-0.73788,-0.4163,0.47846
-181.57,335.5,254.25,-0.23083,-0.73813,-0.41646,0.47796
-181.61,335.37,254.27,-0.2308,-0.73837,-0.41662,0.47746
-181.64,335.23,254.3,-0.23078,-0.7386,-0.41678,0.47697
-181.67,335.09,254.33,-0.23075,-0.73884,-0.41695,0.47648
-181.69,334.95,254.36,-0.23071,-0.73906,-0.41712,0.476
-181.72,334.79,254.4,-0.23067,-0.73928,-0.41729,0.47552
-181.74,334.64,254.44,-0.23063,-0.73949,-0.41747,0.47506
-181.75,334.47,254.48,-0.23058,-0.7397,-0.41765,0.47461
-181.76,334.3,254.53,-0.23052,-0.73989,-0.41783,0.47417
-181.77,334.12,254.59,-0.23046,-0.74008,-0.41802,0.47374
-181.76,333.93,254.65,-0.23039,-0.74025,-0.41821,0.47334
-181.76,333.74,254.72,-0.23031,-0.74041,-0.41841,0.47295
-181.74,333.54,254.79,-0.23022,-0.74056,-0.41861,0.47258
-181.72,333.33,254.87,-0.23013,-0.7407,-0.41881,0.47223
-181.69,333.11,254.96,-0.23003,-0.74082,-0.41902,0.4719
-181.66,332.87,255.06,-0.22991,-0.74093,-0.41923,0.4716
-181.61,332.63,255.16,-0.22979,-0.74102,-0.41945,0.47133
-181.56,332.38,255.27,-0.22965,-0.74109,-0.41967,0.47108
-181.49,332.12,255.4,-0.22951,-0.74115,-0.4199,0.47087
-181.42,331.84,255.53,-0.22935,-0.74118,-0.42012,0.47068
-181.33,331.55,255.67,-0.22918,-0.7412,-0.42036,0.47053
-181.23,331.25,255.83,-0.22899,-0.74119,-0.4206,0.47042
-181.12,330.94,255.99,-0.2288,-0.74117,-0.42084,0.47034
-181,330.61,256.17,-0.22859,-0.74112,-0.42109,0.4703
-180.86,330.27,256.36,-0.22836,-0.74105,-0.42134,0.47029
-180.71,329.92,256.56,-0.22812,-0.74095,-0.4216,0.47033
-180.55,329.55,256.78,-0.22786,-0.74083,-0.42186,0.47042
-180.37,329.16,257,-0.22759,-0.74068,-0.42213,0.47054
-180.18,328.76,257.24,-0.2273,-0.7405,-0.4224,0.47071
-179.97,328.35,257.5,-0.22699,-0.7403,-0.42267,0.47093
-179.75,327.91,257.76,-0.22667,-0.74007,-0.42295,0.47119
-179.51,327.47,258.05,-0.22633,-0.73981,-0.42324,0.47151
-179.25,327,258.34,-0.22597,-0.73953,-0.42353,0.47187
-178.98,326.52,258.66,-0.2256,-0.73921,-0.42382,0.47229
-178.69,326.02,258.98,-0.2252,-0.73886,-0.42412,0.47275
-178.38,325.5,259.32,-0.22478,-0.73848,-0.42442,0.47327
-178.06,324.96,259.68,-0.22435,-0.73807,-0.42473,0.47384
-177.71,324.41,260.06,-0.2239,-0.73762,-0.42505,0.47447
-177.34,323.84,260.44,-0.22342,-0.73714,-0.42536,0.47516
-176.96,323.25,260.85,-0.22293,-0.73663,-0.42568,0.4759
-176.56,322.64,261.27,-0.22241,-0.73608,-0.42601,0.4767
-176.13,322.01,261.71,-0.22187,-0.73549,-0.42634,0.47756
-175.69,321.36,262.16,-0.22132,-0.73487,-0.42667,0.47847
-175.22,320.7,262.64,-0.22074,-0.73422,-0.427,0.47945
-174.73,320.01,263.12,-0.22014,-0.73352,-0.42734,0.48048
-174.22,319.31,263.63,-0.21951,-0.73279,-0.42769,0.48158
-173.69,318.58,264.15,-0.21887,-0.73202,-0.42803,0.48274
-173.13,317.84,264.69,-0.2182,-0.73121,-0.42838,0.48396
-172.56,317.08,265.24,-0.21752,-0.73036,-0.42873,0.48524
-171.95,316.29,265.81,-0.2168,-0.72947,-0.42908,0.48658
-171.33,315.49,266.4,-0.21607,-0.72854,-0.42944,0.48799
-170.68,314.67,267,-0.21532,-0.72756,-0.4298,0.48946
-170.01,313.83,267.63,-0.21454,-0.72655,-0.43015,0.49099
-169.31,312.97,268.26,-0.21374,-0.72549,-0.43052,0.49259
-168.58,312.09,268.92,-0.21291,-0.72439,-0.43088,0.49424
-167.83,311.19,269.59,-0.21207,-0.72324,-0.43124,0.49597
-167.06,310.27,270.27,-0.2112,-0.72205,-0.4316,0.49775
-166.26,309.34,270.98,-0.21031,-0.72082,-0.43196,0.4996
-165.43,308.38,271.69,-0.2094,-0.71954,-0.43232,0.50151
-164.58,307.41,272.43,-0.20846,-0.71821,-0.43268,0.50349
-163.69,306.42,273.18,-0.2075,-0.71684,-0.43304,0.50552
-162.79,305.41,273.94,-0.20652,-0.71542,-0.4334,0.50762
-161.85,304.39,274.72,-0.20552,-0.71395,-0.43376,0.50979
-160.89,303.35,275.51,-0.2045,-0.71244,-0.43411,0.51201
-159.89,302.29,276.32,-0.20346,-0.71088,-0.43447,0.51429
-158.87,301.21,277.14,-0.20239,-0.70927,-0.43481,0.51664
-157.83,300.12,277.97,-0.2013,-0.70761,-0.43516,0.51905
-156.75,299.01,278.82,-0.2002,-0.7059,-0.4355,0.52151
-155.64,297.89,279.68,-0.19907,-0.70414,-0.43583,0.52403
-154.51,296.75,280.55,-0.19792,-0.70233,-0.43617,0.52662
-153.34,295.6,281.43,-0.19676,-0.70047,-0.43649,0.52925
-152.15,294.44,282.33,-0.19557,-0.69855,-0.43681,0.53195
-150.92,293.26,283.24,-0.19436,-0.69659,-0.43712,0.5347
-149.67,292.07,284.16,-0.19314,-0.69458,-0.43743,0.53751
-148.39,290.87,285.08,-0.1919,-0.69251,-0.43773,0.54037
-147.07,289.65,286.02,-0.19064,-0.69039,-0.43802,0.54328
-145.73,288.43,286.97,-0.18936,-0.68822,-0.43831,0.54624
-144.36,287.19,287.92,-0.18807,-0.686,-0.43858,0.54926
-142.96,285.95,288.89,-0.18676,-0.68372,-0.43885,0.55232
-141.52,284.69,289.86,-0.18543,-0.68139,-0.4391,0.55543
-140.06,283.43,290.84,-0.18409,-0.67901,-0.43935,0.55859
-138.57,282.16,291.83,-0.18274,-0.67658,-0.43958,0.56179
-137.05,280.89,292.82,-0.18137,-0.67409,-0.43981,0.56504
-135.49,279.61,293.82,-0.17999,-0.67155,-0.44002,0.56833
-133.91,278.32,294.82,-0.17859,-0.66896,-0.44022,0.57167
-132.3,277.03,295.83,-0.17718,-0.66632,-0.44041,0.57504
-130.66,275.73,296.84,-0.17576,-0.66362,-0.44058,0.57845
-128.99,274.43,297.85,-0.17433,-0.66087,-0.44075,0.5819
-127.29,273.13,298.87,-0.17289,-0.65807,-0.4409,0.58538
-125.57,271.82,299.89,-0.17144,-0.65521,-0.44103,0.5889
-123.81,270.52,300.92,-0.16998,-0.65231,-0.44115,0.59244
-122.03,269.21,301.94,-0.16851,-0.64935,-0.44126,0.59602
-120.22,267.91,302.96,-0.16704,-0.64634,-0.44135,0.59963
-118.38,266.61,303.99,-0.16555,-0.64328,-0.44142,0.60326
-116.52,265.31,305.01,-0.16406,-0.64017,-0.44149,0.60692
-114.63,264.01,306.04,-0.16257,-0.63702,-0.44153,0.6106
-112.71,262.71,307.06,-0.16107,-0.63381,-0.44156,0.6143
-110.77,261.42,308.08,-0.15957,-0.63055,-0.44157,0.61803
-108.8,260.14,309.09,-0.15806,-0.62725,-0.44157,0.62177
-106.81,258.86,310.11,-0.15655,-0.6239,-0.44155,0.62552
-104.8,257.59,311.12,-0.15504,-0.62051,-0.44151,0.62929
-102.76,256.32,312.12,-0.15352,-0.61707,-0.44145,0.63307
-100.7,255.07,313.13,-0.15201,-0.61358,-0.44138,0.63686
-98.621,253.82,314.12,-0.15049,-0.61006,-0.44129,0.64066
-96.519,252.58,315.11,-0.14898,-0.60649,-0.44119,0.64446
-94.397,251.35,316.1,-0.14746,-0.60288,-0.44107,0.64827
-92.256,250.13,317.08,-0.14595,-0.59923,-0.44093,0.65208
-90.096,248.93,318.05,-0.14445,-0.59554,-0.44077,0.65589
-87.918,247.73,319.01,-0.14294,-0.59181,-0.4406,0.6597
-85.723,246.55,319.97,-0.14144,-0.58804,-0.4404,0.66351
-83.512,245.38,320.92,-0.13994,-0.58424,-0.4402,0.66731
-81.284,244.23,321.86,-0.13845,-0.58041,-0.43997,0.67111
-79.042,243.08,322.79,-0.13696,-0.57654,-0.43973,0.67489
-76.785,241.96,323.71,-0.13548,-0.57264,-0.43947,0.67867
-74.515,240.84,324.63,-0.134,-0.56871,-0.43919,0.68244
-72.232,239.74,325.53,-0.13254,-0.56475,-0.4389,0.68619
-69.938,238.66,326.43,-0.13107,-0.56076,-0.43859,0.68993
-67.631,237.6,327.31,-0.12962,-0.55674,-0.43827,0.69366
-65.315,236.54,328.19,-0.12818,-0.55269,-0.43793,0.69737
-62.988,235.51,329.05,-0.12674,-0.54862,-0.43757,0.70106
-60.652,234.49,329.91,-0.12531,-0.54453,-0.4372,0.70473
-58.308,233.49,330.75,-0.12389,-0.54041,-0.43681,0.70838
-55.957,232.51,331.59,-0.12248,-0.53627,-0.4364,0.71202
-53.598,231.54,332.41,-0.12108,-0.53211,-0.43599,0.71562
-51.233,230.59,333.22,-0.11969,-0.52793,-0.43555,0.71921
-48.863,229.66,334.02,-0.11831,-0.52373,-0.4351,0.72277
-46.488,228.75,334.81,-0.11694,-0.51951,-0.43464,0.7263
-44.109,227.85,335.59,-0.11559,-0.51528,-0.43417,0.72981
-41.726,226.97,336.36,-0.11424,-0.51103,-0.43368,0.73329
-39.341,226.11,337.12,-0.11291,-0.50677,-0.43317,0.73675
-36.953,225.27,337.86,-0.11158,-0.5025,-0.43266,0.74017
-34.564,224.45,338.6,-0.11027,-0.49822,-0.43213,0.74356
-32.175,223.64,339.32,-0.10897,-0.49392,-0.43159,0.74693
-29.785,222.86,340.03,-0.10768,-0.48962,-0.43103,0.75026
-27.396,222.09,340.74,-0.10641,-0.48531,-0.43047,0.75356
-25.007,221.33,341.43,-0.10514,-0.481,-0.42989,0.75682
-22.621,220.6,342.11,-0.10389,-0.47667,-0.4293,0.76006
-20.237,219.89,342.77,-0.10266,-0.47235,-0.4287,0.76326
-17.856,219.19,343.43,-0.10143,-0.46802,-0.42809,0.76642
-15.479,218.51,344.08,-0.10022,-0.46369,-0.42747,0.76956
-13.106,217.85,344.71,-0.099017,-0.45936,-0.42684,0.77265
-10.738,217.2,345.34,-0.09783,-0.45503,-0.4262,0.77571
-8.3748,216.57,345.95,-0.096656,-0.4507,-0.42555,0.77874
-6.0176,215.96,346.56,-0.095494,-0.44638,-0.42489,0.78173
-3.6669,215.37,347.15,-0.094346,-0.44206,-0.42422,0.78468
-1.3231,214.79,347.73,-0.09321,-0.43774,-0.42354,0.7876
1.0132,214.23,348.31,-0.092088,-0.43343,-0.42286,0.79047
3.3415,213.69,348.87,-0.090978,-0.42913,-0.42216,0.79332
5.6614,213.16,349.42,-0.089881,-0.42483,-0.42147,0.79612
7.9723,212.65,349.97,-0.088797,-0.42055,-0.42076,0.79889
10.274,212.15,350.5,-0.087726,-0.41627,-0.42004,0.80161
12.565,211.67,351.03,-0.086668,-0.41201,-0.41932,0.8043
14.846,211.21,351.54,-0.085622,-0.40776,-0.4186,0.80696
17.117,210.76,352.05,-0.084589,-0.40352,-0.41786,0.80957
19.376,210.33,352.54,-0.083569,-0.39929,-0.41713,0.81215
21.623,209.91,353.03,-0.082562,-0.39509,-0.41638,0.81469
23.859,209.5,353.51,-0.081567,-0.39089,-0.41563,0.81719
26.082,209.11,353.98,-0.080584,-0.38672,-0.41488,0.81965
28.292,208.73,354.44,-0.079614,-0.38256,-0.41412,0.82208
30.489,208.37,354.9,-0.078656,-0.37842,-0.41336,0.82446
32.672,208.02,355.34,-0.07771,-0.3743,-0.4126,0.82681
34.841,207.68,355.78,-0.076777,-0.37021,-0.41183,0.82913
36.996,207.36,356.21,-0.075855,-0.36613,-0.41106,0.8314
39.136,207.05,356.63,-0.074946,-0.36208,-0.41028,0.83364
41.261,206.75,357.05,-0.074049,-0.35805,-0.4095,0.83584
43.371,206.46,357.45,-0.073163,-0.35404,-0.40872,0.838
45.465,206.19,357.85,-0.072289,-0.35006,-0.40794,0.84013
47.543,205.92,358.25,-0.071427,-0.3461,-0.40715,0.84222
49.605,205.67,358.63,-0.070576,-0.34217,-0.40637,0.84428
51.651,205.43,359.01,-0.069737,-0.33827,-0.40558,0.8463
53.679,205.2,359.39,-0.06891,-0.33439,-0.40479,0.84828
55.691,204.98,359.75,-0.068094,-0.33054,-0.404,0.85023
57.685,204.77,360.11,-0.067289,-0.32672,-0.40321,0.85214
59.662,204.57,360.47,-0.066496,-0.32294,-0.40241,0.85402
61.621,204.38,360.81,-0.065713,-0.31918,-0.40162,0.85587
63.562,204.2,361.15,-0.064942,-0.31545,-0.40083,0.85768
65.484,204.03,361.49,-0.064182,-0.31175,-0.40004,0.85946
67.388,203.87,361.82,-0.063433,-0.30809,-0.39924,0.8612
69.274,203.72,362.15,-0.062695,-0.30446,-0.39845,0.86291
71.141,203.58,362.47,-0.061968,-0.30086,-0.39766,0.86459
72.988,203.45,362.78,-0.061252,-0.29729,-0.39687,0.86623
74.817,203.32,363.09,-0.060547,-0.29376,-0.39608,0.86785
76.626,203.21,363.39,-0.059852,-0.29027,-0.39529,0.86943
78.415,203.1,363.69,-0.059169,-0.2868,-0.3945,0.87098
80.185,203,363.98,-0.058496,-0.28338,-0.39371,0.87251
81.935,202.91,364.27,-0.057835,-0.27999,-0.39293,0.874
83.665,202.82,364.56,-0.057184,-0.27664,-0.39214,0.87546
85.374,202.75,364.84,-0.056544,-0.27332,-0.39136,0.87689
87.064,202.68,365.11,-0.055915,-0.27004,-0.39058,0.87829
88.733,202.62,365.38,-0.055297,-0.2668,-0.3898,0.87967
90.382,202.57,365.65,-0.05469,-0.26359,-0.38903,0.88101
92.01,202.52,365.91,-0.054094,-0.26042,-0.38826,0.88233
93.618,202.48,366.16,-0.05351,-0.2573,-0.38748,0.88362
95.204,202.45,366.42,-0.052936,-0.25421,-0.38672,0.88489
96.77,202.43,366.67,-0.052373,-0.25115,-0.38595,0.88613
98.315,202.42,366.91,-0.051822,-0.24814,-0.38519,0.88734
99.839,202.41,367.15,-0.051282,-0.24517,-0.38443,0.88852
101.34,202.41,367.39,-0.050754,-0.24224,-0.38367,0.88969
102.82,202.41,367.62,-0.050236,-0.23935,-0.38292,0.89082
104.28,202.42,367.85,-0.04973,-0.23649,-0.38217,0.89193
105.72,202.44,368.07,-0.049236,-0.23368,-0.38142,0.89302
107.14,202.47,368.29,-0.048752,-0.23091,-0.38068,0.89408
108.53,202.5,368.51,-0.048281,-0.22818,-0.37994,0.89512
109.9,202.54,368.72,-0.04782,-0.22549,-0.37921,0.89614
111.26,202.59,368.93,-0.047371,-0.22285,-0.37848,0.89713
112.58,202.65,369.14,-0.046934,-0.22024,-0.37775,0.89811
113.89,202.71,369.34,-0.046508,-0.21768,-0.37703,0.89906
115.17,202.77,369.54,-0.046094,-0.21516,-0.37631,0.89998
116.44,202.85,369.73,-0.045691,-0.21268,-0.3756,0.90089
117.68,202.93,369.93,-0.045299,-0.21025,-0.37489,0.90178
118.89,203.01,370.12,-0.044919,-0.20786,-0.37419,0.90264
120.08,203.1,370.3,-0.044551,-0.20551,-0.37349,0.90348
121.26,203.2,370.48,-0.044194,-0.20321,-0.3728,0.90431
122.4,203.31,370.66,-0.043848,-0.20095,-0.37212,0.90511
123.53,203.42,370.84,-0.043514,-0.19873,-0.37144,0.90589
124.63,203.54,371.01,-0.043191,-0.19656,-0.37076,0.90666
125.7,203.66,371.18,-0.042879,-0.19444,-0.3701,0.90741
126.76,203.79,371.35,-0.042579,-0.19235,-0.36944,0.90813
127.79,203.92,371.52,-0.04229,-0.19032,-0.36878,0.90884
128.79,204.06,371.68,-0.042012,-0.18833,-0.36814,0.90953
129.78,204.21,371.84,-0.041746,-0.18638,-0.3675,0.9102
130.73,204.36,371.99,-0.04149,-0.18448,-0.36686,0.91086
131.67,204.52,372.15,-0.041246,-0.18263,-0.36624,0.91149
132.58,204.68,372.3,-0.041012,-0.18082,-0.36562,0.91211
133.46,204.85,372.45,-0.04079,-0.17906,-0.36501,0.91271
134.32,205.02,372.6,-0.040579,-0.17734,-0.36441,0.9133
135.16,205.2,372.74,-0.040378,-0.17567,-0.36381,0.91387
135.97,205.38,372.88,-0.040188,-0.17405,-0.36322,0.91442
136.76,205.57,373.02,-0.040009,-0.17248,-0.36265,0.91495
137.52,205.76,373.16,-0.03984,-0.17095,-0.36208,0.91547
138.25,205.96,373.3,-0.039682,-0.16947,-0.36152,0.91598
138.97,206.16,373.43,-0.039534,-0.16804,-0.36097,0.91646
139.65,206.37,373.56,-0.039397,-0.16665,-0.36042,0.91693
140.31,206.58,373.69,-0.03927,-0.16532,-0.35989,0.91739
140.95,206.79,373.82,-0.039153,-0.16403,-0.35937,0.91783
141.56,207.01,373.94,-0.039046,-0.16279,-0.35886,0.91826
142.14,207.24,374.07,-0.038949,-0.1616,-0.35835,0.91867
142.7,207.46,374.19,-0.038861,-0.16045,-0.35786,0.91907
143.23,207.69,374.31,-0.038784,-0.15936,-0.35738,0.91945
143.74,207.93,374.43,-0.038716,-0.15831,-0.3569,0.91981
144.22,208.16,374.54,-0.038657,-0.15732,-0.35644,0.92017
144.67,208.41,374.66,-0.038608,-0.15637,-0.35599,0.9205
145.1,208.65,374.77,-0.038568,-0.15547,-0.35555,0.92083
145.5,208.9,374.88,-0.038537,-0.15462,-0.35512,0.92114
145.87,209.15,374.99,-0.038515,-0.15382,-0.35471,0.92143
146.22,209.4,375.1,-0.038502,-0.15307,-0.3543,0.92171
146.54,209.66,375.21,-0.038497,-0.15237,-0.35391,0.92198
146.84,209.91,375.31,-0.038501,-0.15172,-0.35352,0.92224
147.11,210.17,375.42,-0.038514,-0.15112,-0.35315,0.92248
147.35,210.44,375.52,-0.038534,-0.15057,-0.3528,0.9227
147.56,210.7,375.62,-0.038563,-0.15007,-0.35245,0.92291
147.75,210.97,375.72,-0.038599,-0.14962,-0.35212,0.92311
147.91,211.24,375.82,-0.038644,-0.14922,-0.3518,0.9233
148.05,211.51,375.92,-0.038696,-0.14888,-0.35149,0.92347
148.15,211.78,376.02,-0.038755,-0.14858,-0.3512,0.92363
148.23,212.05,376.11,-0.038822,-0.14833,-0.35092,0.92377
148.28,212.33,376.2,-0.038896,-0.14813,-0.35065,0.9239
148.31,212.6,376.3,-0.038977,-0.14799,-0.35039,0.92402
148.3,212.88,376.39,-0.039064,-0.14789,-0.35015,0.92412
148.27,213.15,376.48,-0.039159,-0.14785,-0.34993,0.92421
148.21,213.43,376.56,-0.039259,-0.14785,-0.34972,0.92428
148.13,213.7,376.65,-0.039366,-0.14791,-0.34952,0.92434
148.01,213.98,376.74,-0.039479,-0.14802,-0.34933,0.92439
147.87,214.26,376.82,-0.039599,-0.14818,-0.34916,0.92442
147.7,214.53,376.91,-0.039723,-0.14839,-0.34901,0.92444
147.5,214.81,376.99,-0.039854,-0.14865,-0.34887,0.92445
