-200.59,394.91,227.96,-0.22753,-0.75073,-0.45606,0.4203
-200.77,394.84,227.81,-0.22728,-0.75086,-0.45618,0.42007
-200.96,394.77,227.66,-0.22702,-0.75099,-0.45631,0.41984
-201.15,394.69,227.52,-0.22675,-0.75111,-0.45644,0.41961
-201.34,394.6,227.38,-0.22647,-0.75123,-0.45659,0.41939
-201.53,394.5,227.24,-0.22618,-0.75135,-0.45674,0.41917
-201.72,394.38,227.11,-0.22588,-0.75147,-0.45689,0.41895
-201.92,394.26,226.98,-0.22558,-0.75158,-0.45706,0.41873
-202.12,394.13,226.85,-0.22526,-0.75169,-0.45723,0.41852
-202.31,393.98,226.73,-0.22493,-0.7518,-0.45742,0.41831
-202.51,393.82,226.62,-0.22459,-0.7519,-0.45761,0.4181
-202.72,393.65,226.51,-0.22424,-0.75199,-0.45781,0.4179
-202.92,393.47,226.4,-0.22387,-0.75208,-0.45802,0.4177
-203.12,393.27,226.31,-0.2235,-0.75216,-0.45824,0.41751
-203.32,393.05,226.22,-0.22311,-0.75224,-0.45847,0.41733
-203.52,392.82,226.14,-0.22271,-0.75231,-0.45871,0.41715
-203.73,392.57,226.07,-0.2223,-0.75237,-0.45897,0.41698
-203.93,392.31,226,-0.22187,-0.75242,-0.45923,0.41682
-204.13,392.02,225.95,-0.22143,-0.75247,-0.45951,0.41667
-204.33,391.72,225.91,-0.22098,-0.75251,-0.45979,0.41652
-204.53,391.4,225.87,-0.22051,-0.75254,-0.4601,0.41639
-204.73,391.06,225.85,-0.22002,-0.75255,-0.46041,0.41626
-204.92,390.7,225.84,-0.21953,-0.75256,-0.46073,0.41615
-205.12,390.32,225.85,-0.21901,-0.75256,-0.46107,0.41604
-205.31,389.92,225.86,-0.21849,-0.75255,-0.46143,0.41595
-205.5,389.49,225.89,-0.21794,-0.75253,-0.46179,0.41587
-205.69,389.04,225.93,-0.21738,-0.7525,-0.46217,0.4158
-205.87,388.57,225.98,-0.2168,-0.75245,-0.46257,0.41574
-206.06,388.07,226.05,-0.21621,-0.7524,-0.46298,0.41569
-206.24,387.55,226.13,-0.2156,-0.75233,-0.4634,0.41566
-206.42,387.01,226.23,-0.21497,-0.75225,-0.46384,0.41564
-206.59,386.44,226.34,-0.21433,-0.75216,-0.4643,0.41564
-206.76,385.84,226.47,-0.21366,-0.75205,-0.46477,0.41565
-206.93,385.22,226.61,-0.21298,-0.75193,-0.46525,0.41567
-207.1,384.57,226.77,-0.21228,-0.7518,-0.46575,0.41571
-207.26,383.89,226.94,-0.21157,-0.75165,-0.46627,0.41576
-207.42,383.18,227.13,-0.21083,-0.75149,-0.4668,0.41583
-207.57,382.45,227.34,-0.21007,-0.75131,-0.46735,0.41591
-207.72,381.68,227.56,-0.2093,-0.75112,-0.46792,0.41601
-207.87,380.89,227.8,-0.2085,-0.75091,-0.4685,0.41613
-208.01,380.06,228.05,-0.20769,-0.75069,-0.4691,0.41626
-208.14,379.21,228.33,-0.20686,-0.75045,-0.46971,0.41641
-208.28,378.33,228.62,-0.206,-0.7502,-0.47034,0.41658
-208.4,377.41,228.92,-0.20513,-0.74993,-0.47099,0.41676
-208.53,376.47,229.25,-0.20424,-0.74965,-0.47166,0.41696
-208.65,375.49,229.59,-0.20332,-0.74935,-0.47234,0.41717
-208.76,374.48,229.95,-0.20239,-0.74903,-0.47304,0.41741
-208.87,373.43,230.32,-0.20143,-0.7487,-0.47375,0.41766
-208.97,372.36,230.71,-0.20045,-0.74835,-0.47448,0.41793
-209.07,371.25,231.12,-0.19945,-0.74798,-0.47523,0.41821
-209.16,370.11,231.55,-0.19843,-0.74759,-0.476,0.41852
-209.25,368.93,231.99,-0.19739,-0.74719,-0.47678,0.41884
-209.33,367.72,232.45,-0.19633,-0.74677,-0.47758,0.41918
-209.4,366.48,232.93,-0.19524,-0.74633,-0.47839,0.41954
-209.47,365.2,233.42,-0.19413,-0.74588,-0.47922,0.41991
-209.54,363.89,233.93,-0.19301,-0.7454,-0.48007,0.42031
-209.59,362.54,234.45,-0.19185,-0.74491,-0.48093,0.42072
-209.64,361.15,235,-0.19068,-0.7444,-0.48181,0.42115
-209.69,359.73,235.55,-0.18949,-0.74387,-0.48271,0.4216
-209.72,358.28,236.12,-0.18827,-0.74332,-0.48362,0.42207
-209.76,356.79,236.71,-0.18703,-0.74275,-0.48454,0.42256
-209.78,355.26,237.32,-0.18577,-0.74217,-0.48549,0.42306
-209.8,353.7,237.93,-0.18448,-0.74157,-0.48644,0.42358
-209.81,352.1,238.56,-0.18317,-0.74094,-0.48741,0.42412
-209.81,350.46,239.21,-0.18184,-0.7403,-0.4884,0.42468
-209.81,348.79,239.87,-0.18049,-0.73964,-0.4894,0.42526
-209.79,347.08,240.54,-0.17912,-0.73896,-0.49041,0.42585
-209.77,345.34,241.23,-0.17772,-0.73826,-0.49144,0.42647
-209.75,343.56,241.93,-0.1763,-0.73754,-0.49248,0.4271
-209.71,341.74,242.64,-0.17486,-0.7368,-0.49354,0.42775
-209.67,339.88,243.36,-0.17339,-0.73605,-0.4946,0.42841
-209.62,337.99,244.1,-0.17191,-0.73527,-0.49568,0.42909
-209.56,336.07,244.84,-0.1704,-0.73447,-0.49678,0.4298
-209.49,334.1,245.6,-0.16887,-0.73366,-0.49788,0.43051
-209.42,332.1,246.36,-0.16732,-0.73283,-0.499,0.43125
-209.33,330.07,247.14,-0.16574,-0.73197,-0.50012,0.432
-209.24,327.99,247.92,-0.16415,-0.7311,-0.50126,0.43277
-209.14,325.89,248.71,-0.16253,-0.73021,-0.50241,0.43355
-209.03,323.74,249.51,-0.16089,-0.7293,-0.50357,0.43435
-208.91,321.56,250.32,-0.15923,-0.72837,-0.50473,0.43517
-208.78,319.35,251.13,-0.15755,-0.72742,-0.50591,0.436
-208.64,317.1,251.95,-0.15585,-0.72645,-0.5071,0.43685
-208.49,314.82,252.78,-0.15413,-0.72546,-0.50829,0.43771
-208.34,312.5,253.61,-0.15238,-0.72446,-0.50949,0.43859
-208.17,310.15,254.44,-0.15062,-0.72343,-0.5107,0.43948
-207.99,307.77,255.28,-0.14884,-0.72239,-0.51191,0.44039
-207.81,305.35,256.12,-0.14704,-0.72133,-0.51314,0.44131
-207.61,302.9,256.97,-0.14522,-0.72025,-0.51436,0.44225
-207.41,300.42,257.82,-0.14338,-0.71915,-0.5156,0.44319
-207.19,297.91,258.66,-0.14152,-0.71804,-0.51683,0.44416
-206.96,295.36,259.51,-0.13965,-0.71691,-0.51807,0.44513
-206.73,292.79,260.36,-0.13776,-0.71576,-0.51932,0.44611
-206.48,290.19,261.21,-0.13585,-0.71459,-0.52057,0.44711
-206.22,287.55,262.06,-0.13392,-0.71341,-0.52182,0.44812
-205.95,284.89,262.9,-0.13198,-0.71221,-0.52307,0.44914
-205.68,282.21,263.74,-0.13002,-0.711,-0.52433,0.45017
-205.39,279.49,264.58,-0.12804,-0.70977,-0.52558,0.45121
-205.09,276.75,265.42,-0.12606,-0.70852,-0.52684,0.45226
-204.78,273.99,266.25,-0.12405,-0.70726,-0.5281,0.45332
-204.46,271.2,267.08,-0.12204,-0.70599,-0.52935,0.45439
-204.13,268.39,267.9,-0.12001,-0.7047,-0.5306,0.45547
-203.79,265.56,268.71,-0.11797,-0.7034,-0.53186,0.45656
-203.44,262.7,269.52,-0.11591,-0.70208,-0.53311,0.45765
-203.08,259.83,270.32,-0.11385,-0.70075,-0.53435,0.45875
-202.71,256.93,271.11,-0.11177,-0.69941,-0.53559,0.45985
-202.33,254.02,271.9,-0.10969,-0.69806,-0.53683,0.46097
-201.95,251.09,272.67,-0.1076,-0.6967,-0.53807,0.46208
-201.55,248.15,273.44,-0.10549,-0.69532,-0.53929,0.4632
-201.14,245.19,274.19,-0.10338,-0.69394,-0.54052,0.46433
-200.72,242.22,274.94,-0.10127,-0.69254,-0.54173,0.46546
-200.29,239.23,275.67,-0.099143,-0.69114,-0.54294,0.46659
-199.86,236.24,276.4,-0.097014,-0.68973,-0.54414,0.46773
-199.41,233.23,277.11,-0.094879,-0.68831,-0.54534,0.46887
-198.96,230.22,277.81,-0.09274,-0.68688,-0.54652,0.47001
-198.5,227.19,278.49,-0.090598,-0.68545,-0.5477,0.47115
-198.03,224.16,279.17,-0.088452,-0.684,-0.54886,0.4723
-197.55,221.13,279.83,-0.086303,-0.68256,-0.55002,0.47344
-197.06,218.09,280.47,-0.084153,-0.6811,-0.55116,0.47459
-196.57,215.04,281.11,-0.082001,-0.67965,-0.5523,0.47573
-196.07,211.99,281.73,-0.079849,-0.67818,-0.55342,0.47688
-195.56,208.94,282.33,-0.077697,-0.67672,-0.55454,0.47802
-195.04,205.89,282.92,-0.075545,-0.67525,-0.55564,0.47917
-194.52,202.84,283.5,-0.073395,-0.67378,-0.55673,0.48031
-193.99,199.79,284.06,-0.071246,-0.6723,-0.5578,0.48145
-193.45,196.75,284.61,-0.069099,-0.67082,-0.55887,0.48258
-192.91,193.7,285.14,-0.066956,-0.66935,-0.55992,0.48372
-192.37,190.66,285.66,-0.064816,-0.66787,-0.56095,0.48485
-191.81,187.63,286.16,-0.06268,-0.66639,-0.56198,0.48598
-191.26,184.6,286.65,-0.060548,-0.66491,-0.56299,0.48711
-190.7,181.57,287.12,-0.058422,-0.66343,-0.56398,0.48823
-190.13,178.56,287.58,-0.056301,-0.66195,-0.56496,0.48935
-189.56,175.55,288.02,-0.054186,-0.66048,-0.56593,0.49047
-188.98,172.55,288.45,-0.052079,-0.659,-0.56688,0.49158
-188.4,169.56,288.86,-0.049978,-0.65753,-0.56782,0.49268
-187.82,166.59,289.26,-0.047885,-0.65606,-0.56874,0.49379
-187.23,163.62,289.64,-0.0458,-0.6546,-0.56964,0.49488
-186.65,160.67,290.01,-0.043725,-0.65314,-0.57053,0.49598
-186.05,157.73,290.37,-0.041658,-0.65168,-0.5714,0.49706
-185.46,154.8,290.71,-0.039601,-0.65023,-0.57226,0.49814
-184.87,151.89,291.03,-0.037554,-0.64879,-0.5731,0.49922
-184.27,149,291.34,-0.035517,-0.64735,-0.57393,0.50029
-183.67,146.12,291.64,-0.033492,-0.64591,-0.57474,0.50135
-183.07,143.25,291.92,-0.031478,-0.64448,-0.57553,0.50241
-182.47,140.41,292.19,-0.029476,-0.64306,-0.5763,0.50346
-181.87,137.58,292.45,-0.027486,-0.64165,-0.57706,0.50451
-181.27,134.77,292.69,-0.025509,-0.64024,-0.5778,0.50555
-180.67,131.98,292.92,-0.023545,-0.63885,-0.57853,0.50658
-180.07,129.22,293.14,-0.021594,-0.63746,-0.57924,0.50761
-179.47,126.47,293.35,-0.019658,-0.63608,-0.57993,0.50863
-178.87,123.74,293.54,-0.017735,-0.63471,-0.5806,0.50964
-178.28,121.03,293.72,-0.015827,-0.63335,-0.58126,0.51064
-177.68,118.35,293.89,-0.013934,-0.63199,-0.5819,0.51164
-177.09,115.69,294.05,-0.012056,-0.63065,-0.58253,0.51264
-176.5,113.05,294.19,-0.010194,-0.62932,-0.58313,0.51362
-175.91,110.43,294.33,-0.0083477,-0.628,-0.58372,0.5146
-175.32,107.84,294.45,-0.0065175,-0.62669,-0.5843,0.51557
-174.74,105.28,294.57,-0.0047037,-0.6254,-0.58485,0.51653
-174.16,102.73,294.67,-0.0029067,-0.62411,-0.58539,0.51749
-173.58,100.22,294.76,-0.0011267,-0.62284,-0.58591,0.51844
-173.01,97.724,294.85,0.00063602,-0.62158,-0.58642,0.51938
-172.44,95.258,294.92,0.0023812,-0.62033,-0.58691,0.52032
-171.88,92.818,294.99,0.0041086,-0.61909,-0.58738,0.52124
-171.32,90.404,295.05,0.0058181,-0.61786,-0.58784,0.52217
-170.76,88.017,295.1,0.0075093,-0.61665,-0.58828,0.52308
-170.21,85.657,295.14,0.0091821,-0.61546,-0.5887,0.52399
-169.67,83.325,295.17,0.010836,-0.61427,-0.58911,0.52489
-169.13,81.019,295.2,0.012472,-0.6131,-0.5895,0.52578
-168.59,78.741,295.22,0.014088,-0.61194,-0.58988,0.52666
-168.07,76.491,295.23,0.015686,-0.6108,-0.59024,0.52754
-167.54,74.269,295.24,0.017264,-0.60967,-0.59058,0.52841
-167.03,72.075,295.24,0.018822,-0.60855,-0.59091,0.52928
-166.52,69.909,295.23,0.020362,-0.60745,-0.59122,0.53014
-166.01,67.771,295.22,0.021881,-0.60636,-0.59152,0.53099
-165.51,65.662,295.2,0.023381,-0.60529,-0.59181,0.53183
-165.02,63.581,295.18,0.024861,-0.60423,-0.59207,0.53267
-164.54,61.529,295.15,0.026321,-0.60318,-0.59233,0.5335
-164.06,59.505,295.11,0.027762,-0.60215,-0.59257,0.53433
-163.59,57.51,295.08,0.029182,-0.60113,-0.59279,0.53515
-163.13,55.543,295.04,0.030582,-0.60013,-0.59301,0.53596
-162.67,53.605,294.99,0.031962,-0.59914,-0.5932,0.53676
-162.22,51.695,294.94,0.033323,-0.59817,-0.59339,0.53756
-161.78,49.814,294.89,0.034663,-0.59721,-0.59356,0.53835
-161.34,47.961,294.84,0.035983,-0.59626,-0.59372,0.53914
-160.91,46.136,294.78,0.037283,-0.59533,-0.59387,0.53992
-160.49,44.34,294.72,0.038563,-0.59441,-0.594,0.5407
-160.08,42.571,294.65,0.039824,-0.59351,-0.59412,0.54147
-159.67,40.83,294.59,0.041064,-0.59262,-0.59423,0.54223
-159.28,39.117,294.52,0.042285,-0.59174,-0.59433,0.54299
-158.88,37.431,294.45,0.043486,-0.59088,-0.59441,0.54374
-158.5,35.773,294.38,0.044668,-0.59003,-0.59449,0.54448
-158.12,34.142,294.3,0.045831,-0.58919,-0.59455,0.54522
-157.75,32.537,294.23,0.046974,-0.58836,-0.5946,0.54596
-157.39,30.959,294.15,0.048098,-0.58755,-0.59464,0.54669
-157.04,29.407,294.07,0.049204,-0.58675,-0.59468,0.54741
-156.69,27.881,294,0.05029,-0.58597,-0.5947,0.54813
-156.35,26.381,293.92,0.051359,-0.58519,-0.59471,0.54884
-156.01,24.907,293.84,0.052409,-0.58443,-0.59472,0.54955
-155.68,23.457,293.75,0.05344,-0.58368,-0.59471,0.55025
-155.36,22.033,293.67,0.054454,-0.58294,-0.5947,0.55095
-155.05,20.633,293.59,0.05545,-0.58222,-0.59468,0.55164
-154.74,19.258,293.51,0.056428,-0.5815,-0.59465,0.55233
-154.44,17.907,293.43,0.057388,-0.5808,-0.59461,0.55301
-154.15,16.581,293.34,0.058331,-0.5801,-0.59457,0.55369
-153.86,15.278,293.26,0.059257,-0.57942,-0.59452,0.55436
-153.57,13.999,293.18,0.060165,-0.57875,-0.59446,0.55502
-153.3,12.744,293.1,0.061057,-0.57809,-0.59439,0.55569
-153.03,11.512,293.01,0.061931,-0.57744,-0.59432,0.55634
-152.77,10.303,292.93,0.062788,-0.5768,-0.59424,0.55699
-152.51,9.1175,292.85,0.063629,-0.57617,-0.59416,0.55764
-152.26,7.9549,292.77,0.064453,-0.57555,-0.59407,0.55828
-152.01,6.8152,292.69,0.06526,-0.57494,-0.59397,0.55892
-151.77,5.6982,292.61,0.06605,-0.57434,-0.59387,0.55955
-151.54,4.6038,292.54,0.066824,-0.57374,-0.59376,0.56017
-151.31,3.5319,292.46,0.067582,-0.57316,-0.59365,0.56079
-151.09,2.4825,292.38,0.068323,-0.57259,-0.59354,0.56141
-150.87,1.4554,292.31,0.069048,-0.57203,-0.59342,0.56202
-150.66,0.45049,292.24,0.069757,-0.57148,-0.5933,0.56262
-150.45,-0.53221,292.17,0.07045,-0.57094,-0.59317,0.56322
-150.25,-1.4928,292.1,0.071126,-0.5704,-0.59304,0.56382
-150.05,-2.4313,292.03,0.071786,-0.56988,-0.5929,0.5644
-149.86,-3.3479,291.96,0.07243,-0.56936,-0.59276,0.56499
-149.68,-4.2424,291.9,0.073058,-0.56886,-0.59262,0.56556
-149.5,-5.1151,291.84,0.07367,-0.56836,-0.59248,0.56614
-149.32,-5.9658,291.78,0.074266,-0.56787,-0.59233,0.5667
-149.15,-6.7946,291.72,0.074846,-0.56739,-0.59218,0.56726
-148.99,-7.6015,291.67,0.07541,-0.56692,-0.59203,0.56781
-148.83,-8.3865,291.61,0.075958,-0.56646,-0.59187,0.56836
-148.67,-9.1497,291.56,0.07649,-0.56601,-0.59172,0.5689
-148.52,-9.8909,291.52,0.077005,-0.56557,-0.59156,0.56944
-148.37,-10.61,291.47,0.077505,-0.56513,-0.5914,0.56997
-148.23,-11.307,291.43,0.077988,-0.56471,-0.59124,0.57049
-148.1,-11.983,291.39,0.078456,-0.56429,-0.59107,0.57101
-147.96,-12.636,291.36,0.078907,-0.56389,-0.59091,0.57152
-147.84,-13.267,291.32,0.079342,-0.56349,-0.59074,0.57202
-147.72,-13.876,291.29,0.07976,-0.5631,-0.59058,0.57252
-147.6,-14.462,291.27,0.080163,-0.56272,-0.59041,0.57301
-147.48,-15.027,291.25,0.080549,-0.56235,-0.59024,0.57349
-147.38,-15.568,291.23,0.080918,-0.56199,-0.59007,0.57397
-147.27,-16.088,291.21,0.081271,-0.56163,-0.5899,0.57444
-147.17,-16.584,291.2,0.081607,-0.56129,-0.58973,0.5749
-147.08,-17.058,291.2,0.081927,-0.56096,-0.58956,0.57535
-146.99,-17.509,291.19,0.08223,-0.56063,-0.58939,0.5758
-146.9,-17.937,291.2,0.082516,-0.56032,-0.58922,0.57624
-146.82,-18.342,291.2,0.082785,-0.56001,-0.58905,0.57667
-146.74,-18.724,291.21,0.083037,-0.55971,-0.58888,0.5771
-146.67,-19.082,291.23,0.083272,-0.55943,-0.58871,0.57752
-146.6,-19.416,291.25,0.083489,-0.55915,-0.58854,0.57792
-146.54,-19.727,291.27,0.08369,-0.55889,-0.58837,0.57833
-146.48,-20.014,291.3,0.083872,-0.55863,-0.5882,0.57872
-146.42,-20.277,291.34,0.084037,-0.55838,-0.58803,0.5791
-146.37,-20.515,291.38,0.084184,-0.55815,-0.58787,0.57948
-146.32,-20.729,291.42,0.084314,-0.55792,-0.5877,0.57985
-146.28,-20.918,291.47,0.084425,-0.5577,-0.58753,0.58021
-146.24,-21.082,291.53,0.084518,-0.5575,-0.58736,0.58056
-146.21,-21.221,291.59,0.084593,-0.55731,-0.5872,0.58091
-146.18,-21.334,291.65,0.084649,-0.55712,-0.58703,0.58124
-146.16,-21.422,291.73,0.084687,-0.55695,-0.58687,0.58157
-146.14,-21.484,291.81,0.084705,-0.55679,-0.58671,0.58188
-146.12,-21.52,291.89,0.084705,-0.55664,-0.58654,0.58219
-146.11,-21.529,291.98,0.084686,-0.5565,-0.58638,0.58249
-146.1,-21.512,292.08,0.084647,-0.55637,-0.58622,0.58278
-146.1,-21.468,292.18,0.084588,-0.55626,-0.58606,0.58306
-146.1,-21.396,292.29,0.08451,-0.55616,-0.5859,0.58333
-146.11,-21.297,292.4,0.084412,-0.55607,-0.58574,0.58359
-146.12,-21.169,292.53,0.084293,-0.55599,-0.58558,0.58384
-146.14,-21.014,292.65,0.084155,-0.55592,-0.58542,0.58408
-146.16,-20.83,292.79,0.083996,-0.55587,-0.58527,0.58431
-146.19,-20.617,292.93,0.083816,-0.55583,-0.58511,0.58453
