-181.14,357.8,284.59,-0.24314,-0.67171,-0.51486,0.47393
-181.54,357.94,284.23,-0.24252,-0.67186,-0.51475,0.47415
-181.93,358.11,283.87,-0.24192,-0.67203,-0.51461,0.47437
-182.3,358.31,283.5,-0.24135,-0.67221,-0.51444,0.47459
-182.66,358.54,283.12,-0.24079,-0.6724,-0.51425,0.47481
-183.02,358.81,282.74,-0.24026,-0.6726,-0.51404,0.47503
-183.35,359.11,282.35,-0.23975,-0.67281,-0.51379,0.47525
-183.67,359.44,281.96,-0.23927,-0.67303,-0.51353,0.47547
-183.98,359.8,281.57,-0.23881,-0.67327,-0.51323,0.47568
-184.27,360.19,281.17,-0.23838,-0.67351,-0.51291,0.4759
-184.54,360.61,280.78,-0.23798,-0.67376,-0.51257,0.47612
-184.79,361.06,280.38,-0.23761,-0.67402,-0.51219,0.47633
-185.02,361.54,279.99,-0.23727,-0.67429,-0.5118,0.47655
-185.23,362.05,279.59,-0.23696,-0.67457,-0.51137,0.47676
-185.41,362.59,279.2,-0.23669,-0.67486,-0.51093,0.47697
-185.57,363.16,278.82,-0.23645,-0.67515,-0.51045,0.47719
-185.71,363.76,278.44,-0.23625,-0.67545,-0.50995,0.4774
-185.81,364.38,278.06,-0.23608,-0.67575,-0.50943,0.47761
-185.89,365.04,277.69,-0.23595,-0.67606,-0.50888,0.47782
-185.94,365.72,277.33,-0.23586,-0.67637,-0.50831,0.47803
-185.96,366.42,276.98,-0.23581,-0.67669,-0.50771,0.47824
-185.95,367.15,276.64,-0.2358,-0.67701,-0.50709,0.47845
-185.91,367.91,276.32,-0.23584,-0.67734,-0.50645,0.47865
-185.83,368.69,276,-0.23591,-0.67766,-0.50578,0.47886
-185.72,369.5,275.7,-0.23604,-0.67799,-0.50509,0.47906
-185.57,370.33,275.41,-0.2362,-0.67832,-0.50438,0.47926
-185.38,371.18,275.13,-0.23642,-0.67865,-0.50364,0.47947
-185.16,372.06,274.87,-0.23668,-0.67898,-0.50288,0.47967
-184.89,372.96,274.63,-0.23698,-0.67931,-0.5021,0.47986
-184.59,373.89,274.41,-0.23734,-0.67964,-0.5013,0.48006
-184.24,374.83,274.2,-0.23775,-0.67997,-0.50048,0.48025
-183.86,375.8,274.01,-0.2382,-0.68029,-0.49964,0.48045
-183.42,376.79,273.84,-0.23871,-0.68061,-0.49877,0.48064
-182.95,377.8,273.7,-0.23926,-0.68093,-0.49789,0.48083
-182.43,378.82,273.57,-0.23987,-0.68125,-0.49698,0.48101
-181.86,379.87,273.46,-0.24053,-0.68156,-0.49606,0.48119
-181.25,380.94,273.38,-0.24125,-0.68186,-0.49512,0.48138
-180.59,382.03,273.32,-0.24202,-0.68216,-0.49415,0.48155
-179.88,383.13,273.28,-0.24284,-0.68246,-0.49317,0.48173
-179.12,384.26,273.26,-0.24371,-0.68275,-0.49217,0.4819
-178.32,385.4,273.27,-0.24464,-0.68303,-0.49115,0.48207
-177.46,386.55,273.3,-0.24563,-0.6833,-0.49012,0.48224
-176.55,387.73,273.36,-0.24667,-0.68356,-0.48907,0.4824
-175.58,388.91,273.45,-0.24776,-0.68382,-0.488,0.48256
-174.57,390.12,273.56,-0.24892,-0.68407,-0.48691,0.48272
-173.5,391.34,273.69,-0.25012,-0.6843,-0.48581,0.48287
-172.37,392.57,273.85,-0.25139,-0.68453,-0.48469,0.48302
-171.19,393.81,274.04,-0.2527,-0.68474,-0.48355,0.48316
-169.96,395.07,274.25,-0.25408,-0.68495,-0.4824,0.4833
-168.67,396.34,274.49,-0.25551,-0.68514,-0.48123,0.48344
-167.32,397.62,274.76,-0.257,-0.68532,-0.48005,0.48357
-165.91,398.92,275.06,-0.25854,-0.68548,-0.47886,0.4837
-164.44,400.22,275.38,-0.26014,-0.68564,-0.47765,0.48382
-162.92,401.53,275.73,-0.2618,-0.68577,-0.47642,0.48394
-161.34,402.85,276.1,-0.26351,-0.6859,-0.47519,0.48405
-159.69,404.18,276.5,-0.26527,-0.68601,-0.47394,0.48416
-157.99,405.52,276.93,-0.2671,-0.6861,-0.47267,0.48426
-156.22,406.86,277.39,-0.26897,-0.68618,-0.4714,0.48435
-154.4,408.21,277.87,-0.2709,-0.68624,-0.47011,0.48445
-152.51,409.57,278.38,-0.27289,-0.68628,-0.46881,0.48453
-150.56,410.92,278.91,-0.27493,-0.68631,-0.46749,0.48461
-148.55,412.29,279.48,-0.27702,-0.68632,-0.46617,0.48468
-146.47,413.65,280.06,-0.27917,-0.6863,-0.46483,0.48475
-144.34,415.01,280.67,-0.28137,-0.68628,-0.46348,0.48481
-142.13,416.38,281.31,-0.28362,-0.68623,-0.46212,0.48487
-139.87,417.75,281.97,-0.28592,-0.68616,-0.46075,0.48492
-137.54,419.11,282.66,-0.28827,-0.68607,-0.45937,0.48496
-135.15,420.47,283.37,-0.29068,-0.68596,-0.45798,0.485
-132.69,421.83,284.1,-0.29313,-0.68583,-0.45658,0.48503
-130.17,423.19,284.85,-0.29563,-0.68568,-0.45517,0.48505
-127.59,424.53,285.63,-0.29818,-0.6855,-0.45375,0.48506
-124.94,425.88,286.43,-0.30078,-0.68531,-0.45232,0.48507
-122.22,427.21,287.25,-0.30343,-0.68509,-0.45088,0.48507
-119.45,428.54,288.09,-0.30612,-0.68485,-0.44943,0.48507
-116.61,429.86,288.95,-0.30885,-0.68458,-0.44797,0.48506
-113.7,431.16,289.83,-0.31163,-0.6843,-0.4465,0.48504
-110.73,432.46,290.73,-0.31446,-0.68398,-0.44502,0.48501
-107.7,433.74,291.64,-0.31733,-0.68365,-0.44354,0.48498
-104.61,435.01,292.58,-0.32023,-0.68329,-0.44205,0.48494
-101.45,436.26,293.52,-0.32318,-0.6829,-0.44055,0.48489
-98.231,437.5,294.49,-0.32617,-0.68249,-0.43904,0.48483
-94.95,438.72,295.46,-0.3292,-0.68206,-0.43752,0.48477
-91.607,439.92,296.46,-0.33227,-0.6816,-0.436,0.4847
-88.205,441.1,297.46,-0.33537,-0.68111,-0.43446,0.48462
-84.742,442.26,298.48,-0.33851,-0.6806,-0.43292,0.48453
-81.22,443.4,299.5,-0.34168,-0.68007,-0.43138,0.48444
-77.639,444.52,300.54,-0.34489,-0.6795,-0.42982,0.48434
-74.001,445.61,301.58,-0.34812,-0.67891,-0.42826,0.48423
-70.306,446.67,302.64,-0.35139,-0.6783,-0.42669,0.48412
-66.554,447.71,303.7,-0.3547,-0.67766,-0.42511,0.48399
-62.748,448.72,304.77,-0.35803,-0.67699,-0.42353,0.48387
-58.888,449.7,305.84,-0.36138,-0.6763,-0.42194,0.48373
-54.975,450.65,306.92,-0.36477,-0.67558,-0.42034,0.48359
-51.011,451.57,308,-0.36818,-0.67483,-0.41874,0.48343
-46.996,452.46,309.08,-0.37161,-0.67406,-0.41713,0.48328
-42.932,453.31,310.17,-0.37507,-0.67326,-0.41551,0.48311
-38.82,454.13,311.25,-0.37855,-0.67243,-0.41389,0.48294
-34.661,454.92,312.34,-0.38205,-0.67158,-0.41226,0.48276
-30.458,455.66,313.42,-0.38557,-0.6707,-0.41062,0.48258
-26.212,456.38,314.5,-0.38911,-0.6698,-0.40898,0.48238
-21.923,457.05,315.58,-0.39266,-0.66887,-0.40733,0.48219
-17.595,457.68,316.65,-0.39624,-0.66792,-0.40568,0.48198
-13.229,458.28,317.71,-0.39982,-0.66694,-0.40402,0.48177
-8.8253,458.83,318.77,-0.40342,-0.66594,-0.40235,0.48155
-4.3873,459.35,319.83,-0.40703,-0.66491,-0.40068,0.48133
0.083588,459.82,320.87,-0.41066,-0.66385,-0.399,0.4811
4.5854,460.25,321.91,-0.41429,-0.66278,-0.39731,0.48087
9.1163,460.64,322.93,-0.41793,-0.66167,-0.39562,0.48063
13.674,460.98,323.95,-0.42158,-0.66055,-0.39393,0.48038
18.258,461.29,324.95,-0.42524,-0.6594,-0.39222,0.48013
22.865,461.54,325.94,-0.4289,-0.65823,-0.39051,0.47987
27.493,461.76,326.91,-0.43257,-0.65703,-0.3888,0.47961
32.141,461.93,327.88,-0.43624,-0.65582,-0.38708,0.47935
36.807,462.05,328.82,-0.43991,-0.65458,-0.38535,0.47908
41.488,462.13,329.75,-0.44358,-0.65332,-0.38362,0.4788
46.184,462.16,330.67,-0.44725,-0.65204,-0.38188,0.47852
50.892,462.15,331.57,-0.45092,-0.65073,-0.38013,0.47824
55.61,462.09,332.45,-0.45459,-0.64941,-0.37838,0.47795
60.337,461.99,333.32,-0.45826,-0.64807,-0.37662,0.47767
65.07,461.84,334.17,-0.46192,-0.6467,-0.37486,0.47737
69.809,461.65,335,-0.46558,-0.64532,-0.37309,0.47708
74.551,461.41,335.81,-0.46923,-0.64391,-0.37131,0.47678
79.294,461.13,336.6,-0.47288,-0.64249,-0.36953,0.47649
84.037,460.8,337.37,-0.47652,-0.64105,-0.36774,0.47619
88.778,460.42,338.13,-0.48015,-0.63959,-0.36594,0.47588
93.516,460,338.86,-0.48377,-0.63811,-0.36414,0.47558
98.249,459.54,339.57,-0.48739,-0.63661,-0.36234,0.47528
102.97,459.04,340.26,-0.49099,-0.6351,-0.36052,0.47498
107.69,458.49,340.94,-0.49458,-0.63357,-0.3587,0.47467
112.4,457.89,341.59,-0.49816,-0.63202,-0.35688,0.47437
117.1,457.26,342.22,-0.50173,-0.63046,-0.35504,0.47407
121.78,456.58,342.82,-0.50528,-0.62888,-0.3532,0.47377
126.45,455.86,343.41,-0.50882,-0.62728,-0.35136,0.47346
131.1,455.1,343.98,-0.51235,-0.62567,-0.34951,0.47317
135.74,454.3,344.52,-0.51586,-0.62404,-0.34765,0.47287
140.36,453.46,345.05,-0.51935,-0.6224,-0.34578,0.47258
144.95,452.59,345.55,-0.52283,-0.62074,-0.34391,0.47228
149.53,451.67,346.03,-0.52629,-0.61907,-0.34204,0.472
154.09,450.72,346.49,-0.52973,-0.61739,-0.34015,0.47171
158.62,449.73,346.92,-0.53316,-0.61569,-0.33826,0.47143
163.13,448.7,347.34,-0.53657,-0.61398,-0.33637,0.47115
167.61,447.64,347.73,-0.53996,-0.61225,-0.33446,0.47088
172.07,446.55,348.1,-0.54333,-0.61051,-0.33256,0.47061
176.5,445.42,348.45,-0.54667,-0.60876,-0.33064,0.47035
180.9,444.26,348.78,-0.55,-0.607,-0.32872,0.47009
185.27,443.07,349.09,-0.55331,-0.60523,-0.3268,0.46984
189.61,441.85,349.38,-0.5566,-0.60344,-0.32486,0.46959
193.92,440.6,349.64,-0.55986,-0.60165,-0.32293,0.46936
198.2,439.32,349.89,-0.56311,-0.59984,-0.32098,0.46912
202.45,438.02,350.11,-0.56633,-0.59802,-0.31903,0.4689
206.66,436.69,350.32,-0.56953,-0.59619,-0.31708,0.46868
210.84,435.33,350.5,-0.5727,-0.59435,-0.31512,0.46847
214.99,433.95,350.66,-0.57585,-0.5925,-0.31315,0.46826
219.1,432.55,350.8,-0.57898,-0.59064,-0.31118,0.46807
223.18,431.12,350.92,-0.58209,-0.58878,-0.3092,0.46788
227.23,429.68,351.02,-0.58517,-0.5869,-0.30722,0.4677
231.23,428.21,351.1,-0.58822,-0.58501,-0.30523,0.46753
235.2,426.73,351.16,-0.59126,-0.58312,-0.30324,0.46737
239.14,425.23,351.2,-0.59426,-0.58121,-0.30124,0.46722
243.04,423.71,351.22,-0.59725,-0.5793,-0.29924,0.46708
246.9,422.18,351.22,-0.6002,-0.57738,-0.29723,0.46695
250.73,420.63,351.2,-0.60313,-0.57545,-0.29522,0.46683
254.51,419.07,351.17,-0.60604,-0.57352,-0.29321,0.46672
258.27,417.49,351.11,-0.60892,-0.57157,-0.29119,0.46661
261.98,415.91,351.03,-0.61178,-0.56962,-0.28917,0.46652
265.66,414.31,350.94,-0.61461,-0.56766,-0.28714,0.46644
269.3,412.71,350.82,-0.61741,-0.5657,-0.28511,0.46638
272.9,411.1,350.69,-0.62019,-0.56372,-0.28307,0.46632
276.47,409.48,350.54,-0.62294,-0.56174,-0.28103,0.46627
280,407.86,350.36,-0.62566,-0.55976,-0.27899,0.46624
283.5,406.23,350.18,-0.62836,-0.55777,-0.27695,0.46622
286.96,404.59,349.97,-0.63104,-0.55577,-0.2749,0.4662
290.38,402.95,349.74,-0.63368,-0.55376,-0.27285,0.46621
293.77,401.32,349.5,-0.6363,-0.55175,-0.2708,0.46622
297.12,399.67,349.23,-0.63889,-0.54973,-0.26874,0.46624
300.44,398.03,348.95,-0.64146,-0.54771,-0.26669,0.46628
303.73,396.39,348.65,-0.644,-0.54568,-0.26463,0.46633
306.98,394.75,348.34,-0.64652,-0.54365,-0.26256,0.4664
310.2,393.12,348,-0.649,-0.54161,-0.2605,0.46647
313.38,391.48,347.65,-0.65146,-0.53956,-0.25844,0.46656
316.53,389.85,347.28,-0.6539,-0.53751,-0.25637,0.46666
319.66,388.22,346.89,-0.65631,-0.53545,-0.2543,0.46678
322.75,386.6,346.48,-0.65869,-0.53339,-0.25224,0.4669
325.81,384.98,346.06,-0.66104,-0.53132,-0.25017,0.46704
328.84,383.37,345.62,-0.66337,-0.52925,-0.2481,0.4672
331.84,381.77,345.16,-0.66568,-0.52718,-0.24603,0.46737
334.81,380.18,344.68,-0.66795,-0.52509,-0.24396,0.46755
337.75,378.59,344.18,-0.6702,-0.52301,-0.24189,0.46774
340.67,377.01,343.67,-0.67243,-0.52091,-0.23982,0.46795
343.56,375.44,343.14,-0.67463,-0.51882,-0.23775,0.46817
346.43,373.88,342.59,-0.6768,-0.51672,-0.23568,0.4684
349.27,372.33,342.02,-0.67894,-0.51461,-0.23362,0.46865
352.08,370.79,341.44,-0.68106,-0.5125,-0.23155,0.46891
354.88,369.27,340.84,-0.68316,-0.51038,-0.22949,0.46919
357.65,367.75,340.22,-0.68523,-0.50827,-0.22743,0.46948
360.39,366.24,339.58,-0.68727,-0.50614,-0.22536,0.46978
363.12,364.75,338.92,-0.68929,-0.50401,-0.22331,0.4701
365.83,363.27,338.25,-0.69128,-0.50188,-0.22125,0.47043
368.51,361.8,337.55,-0.69324,-0.49974,-0.21919,0.47077
371.18,360.35,336.84,-0.69518,-0.4976,-0.21714,0.47113
373.83,358.91,336.11,-0.6971,-0.49546,-0.21509,0.4715
376.46,357.48,335.36,-0.69898,-0.49331,-0.21305,0.47189
379.08,356.07,334.6,-0.70085,-0.49116,-0.211,0.47228
381.68,354.67,333.81,-0.70269,-0.489,-0.20896,0.47269
384.26,353.28,333,-0.7045,-0.48685,-0.20692,0.47312
386.83,351.91,332.18,-0.70629,-0.48468,-0.20489,0.47356
389.38,350.56,331.34,-0.70806,-0.48252,-0.20286,0.47401
391.92,349.22,330.47,-0.7098,-0.48035,-0.20083,0.47447
394.45,347.9,329.59,-0.71151,-0.47818,-0.1988,0.47494
396.96,346.59,328.69,-0.7132,-0.47601,-0.19678,0.47543
399.47,345.3,327.77,-0.71487,-0.47383,-0.19476,0.47593
401.96,344.03,326.83,-0.71651,-0.47166,-0.19274,0.47644
404.44,342.78,325.86,-0.71813,-0.46948,-0.19073,0.47697
406.91,341.54,324.88,-0.71973,-0.46729,-0.18872,0.4775
409.37,340.32,323.88,-0.7213,-0.46511,-0.18671,0.47805
411.83,339.12,322.85,-0.72285,-0.46293,-0.1847,0.47861
414.27,337.94,321.81,-0.72438,-0.46074,-0.1827,0.47918
416.71,336.77,320.74,-0.72589,-0.45855,-0.1807,0.47976
419.14,335.63,319.66,-0.72737,-0.45637,-0.1787,0.48035
421.56,334.5,318.55,-0.72883,-0.45418,-0.1767,0.48095
423.98,333.4,317.42,-0.73026,-0.45199,-0.17471,0.48156
426.39,332.31,316.26,-0.73168,-0.4498,-0.17271,0.48218
428.8,331.25,315.09,-0.73307,-0.44761,-0.17072,0.4828
431.2,330.2,313.89,-0.73444,-0.44543,-0.16873,0.48344
433.59,329.18,312.67,-0.73579,-0.44324,-0.16674,0.48409
435.98,328.18,311.42,-0.73712,-0.44105,-0.16475,0.48474
438.37,327.2,310.15,-0.73843,-0.43887,-0.16277,0.48541
440.76,326.24,308.86,-0.73972,-0.43669,-0.16078,0.48608
443.14,325.3,307.55,-0.74098,-0.43451,-0.15879,0.48676
445.52,324.39,306.21,-0.74223,-0.43233,-0.1568,0.48744
447.9,323.5,304.84,-0.74346,-0.43015,-0.15481,0.48814
450.28,322.64,303.45,-0.74466,-0.42798,-0.15282,0.48884
452.65,321.8,302.04,-0.74585,-0.42581,-0.15083,0.48954
455.02,320.98,300.6,-0.74701,-0.42364,-0.14883,0.49025
457.4,320.19,299.13,-0.74816,-0.42148,-0.14684,0.49097
459.77,319.42,297.64,-0.74928,-0.41932,-0.14484,0.49169
462.14,318.68,296.12,-0.75039,-0.41717,-0.14284,0.49242
464.51,317.96,294.57,-0.75148,-0.41502,-0.14083,0.49316
466.88,317.27,293,-0.75255,-0.41288,-0.13882,0.49389
469.25,316.61,291.4,-0.7536,-0.41074,-0.13681,0.49464
471.62,315.98,289.77,-0.75463,-0.40861,-0.13479,0.49538
473.99,315.37,288.11,-0.75565,-0.40648,-0.13276,0.49613
476.36,314.79,286.42,-0.75664,-0.40436,-0.13073,0.49688
478.74,314.24,284.71,-0.75762,-0.40225,-0.12869,0.49764
481.11,313.72,282.96,-0.75858,-0.40015,-0.12665,0.49839
483.48,313.23,281.19,-0.75952,-0.39805,-0.1246,0.49915
485.86,312.77,279.38,-0.76045,-0.39597,-0.12254,0.49991
488.23,312.35,277.55,-0.76136,-0.39389,-0.12047,0.50068
490.61,311.95,275.68,-0.76225,-0.39182,-0.11839,0.50144
492.99,311.58,273.78,-0.76312,-0.38976,-0.1163,0.50221
495.37,311.25,271.85,-0.76397,-0.38771,-0.1142,0.50297
497.75,310.95,269.88,-0.76481,-0.38568,-0.11209,0.50374
500.12,310.68,267.89,-0.76563,-0.38365,-0.10997,0.5045
502.5,310.45,265.86,-0.76644,-0.38164,-0.10783,0.50527
504.88,310.25,263.79,-0.76723,-0.37963,-0.10568,0.50603
507.26,310.09,261.7,-0.768,-0.37765,-0.10352,0.5068
509.64,309.97,259.56,-0.76876,-0.37567,-0.10134,0.50756
512.02,309.88,257.4,-0.7695,-0.37371,-0.099153,0.50832
514.4,309.83,255.19,-0.77022,-0.37176,-0.096946,0.50908
516.78,309.81,252.95,-0.77092,-0.36983,-0.094722,0.50983
519.16,309.84,250.68,-0.77161,-0.36791,-0.09248,0.51059
521.53,309.9,248.37,-0.77229,-0.36601,-0.090221,0.51134
523.9,310.01,246.01,-0.77295,-0.36413,-0.087943,0.51209
526.28,310.16,243.63,-0.77359,-0.36226,-0.085646,0.51283
528.64,310.34,241.2,-0.77421,-0.36041,-0.083328,0.51357
531.01,310.57,238.73,-0.77482,-0.35858,-0.08099,0.51431
533.37,310.85,236.23,-0.77541,-0.35677,-0.078629,0.51504
535.72,311.16,233.68,-0.77599,-0.35498,-0.076247,0.51577
