-181.6,335.82,254.12,-0.23087,-0.73777,-0.41604,0.47886
-181.91,335.78,254.05,-0.23093,-0.73839,-0.41597,0.47793
-182.24,335.75,253.98,-0.23099,-0.73903,-0.4159,0.47698
-182.58,335.72,253.91,-0.23106,-0.73968,-0.41582,0.47601
-182.92,335.69,253.83,-0.23113,-0.74033,-0.41573,0.47503
-183.28,335.66,253.75,-0.2312,-0.741,-0.41564,0.47402
-183.64,335.64,253.67,-0.23129,-0.74168,-0.41555,0.47301
-184,335.62,253.59,-0.23138,-0.74237,-0.41544,0.47197
-184.38,335.62,253.51,-0.23148,-0.74306,-0.41533,0.47092
-184.75,335.61,253.43,-0.23159,-0.74377,-0.41522,0.46986
-185.13,335.62,253.35,-0.23171,-0.74448,-0.41509,0.46879
-185.52,335.63,253.26,-0.23185,-0.74519,-0.41496,0.4677
-185.9,335.66,253.18,-0.23199,-0.74591,-0.41483,0.4666
-186.29,335.69,253.1,-0.23215,-0.74664,-0.41468,0.46549
-186.67,335.74,253.03,-0.23233,-0.74737,-0.41453,0.46437
-187.06,335.8,252.95,-0.23252,-0.7481,-0.41437,0.46324
-187.44,335.87,252.88,-0.23272,-0.74883,-0.4142,0.4621
-187.81,335.95,252.82,-0.23295,-0.74956,-0.41402,0.46096
-188.19,336.05,252.75,-0.23319,-0.75029,-0.41383,0.45981
-188.55,336.16,252.7,-0.23345,-0.75103,-0.41364,0.45865
-188.91,336.29,252.65,-0.23374,-0.75176,-0.41343,0.45749
-189.26,336.44,252.6,-0.23405,-0.75248,-0.41322,0.45633
-189.61,336.6,252.56,-0.23437,-0.75321,-0.413,0.45517
-189.94,336.78,252.53,-0.23473,-0.75392,-0.41276,0.45401
-190.26,336.98,252.51,-0.2351,-0.75464,-0.41252,0.45285
-190.57,337.19,252.5,-0.2355,-0.75534,-0.41227,0.4517
-190.86,337.43,252.5,-0.23593,-0.75604,-0.412,0.45054
-191.14,337.69,252.5,-0.23639,-0.75674,-0.41172,0.44939
-191.41,337.96,252.52,-0.23687,-0.75742,-0.41144,0.44825
-191.66,338.26,252.55,-0.23737,-0.75809,-0.41114,0.44711
-191.89,338.58,252.59,-0.23791,-0.75876,-0.41083,0.44599
-192.1,338.92,252.64,-0.23847,-0.75941,-0.41051,0.44487
-192.3,339.28,252.71,-0.23906,-0.76005,-0.41017,0.44376
-192.47,339.66,252.78,-0.23969,-0.76068,-0.40983,0.44267
-192.62,340.07,252.87,-0.24034,-0.7613,-0.40947,0.44158
-192.75,340.5,252.98,-0.24102,-0.7619,-0.4091,0.44052
-192.86,340.95,253.1,-0.24173,-0.76249,-0.40872,0.43946
-192.94,341.42,253.23,-0.24247,-0.76306,-0.40832,0.43843
-193,341.92,253.38,-0.24324,-0.76362,-0.40791,0.43741
-193.04,342.44,253.54,-0.24404,-0.76416,-0.40749,0.43641
-193.04,342.98,253.73,-0.24487,-0.76468,-0.40705,0.43544
-193.02,343.54,253.92,-0.24574,-0.76519,-0.40661,0.43448
-192.97,344.13,254.13,-0.24663,-0.76568,-0.40614,0.43355
-192.89,344.74,254.36,-0.24755,-0.76614,-0.40567,0.43264
-192.79,345.38,254.61,-0.24851,-0.76659,-0.40517,0.43176
-192.65,346.03,254.87,-0.24949,-0.76702,-0.40467,0.4309
-192.48,346.71,255.16,-0.25051,-0.76743,-0.40415,0.43007
-192.28,347.42,255.45,-0.25155,-0.76782,-0.40362,0.42927
-192.04,348.14,255.77,-0.25263,-0.76818,-0.40307,0.4285
-191.78,348.89,256.11,-0.25373,-0.76853,-0.4025,0.42776
-191.48,349.66,256.46,-0.25487,-0.76885,-0.40193,0.42705
-191.14,350.45,256.83,-0.25603,-0.76914,-0.40133,0.42638
-190.77,351.27,257.22,-0.25722,-0.76942,-0.40073,0.42574
-190.36,352.1,257.62,-0.25844,-0.76967,-0.4001,0.42513
-189.92,352.96,258.05,-0.25969,-0.76989,-0.39947,0.42456
-189.44,353.84,258.49,-0.26096,-0.77009,-0.39881,0.42403
-188.92,354.74,258.95,-0.26226,-0.77027,-0.39815,0.42354
-188.37,355.66,259.43,-0.26359,-0.77042,-0.39746,0.42308
-187.78,356.6,259.92,-0.26494,-0.77054,-0.39677,0.42267
-187.14,357.56,260.44,-0.26632,-0.77064,-0.39605,0.4223
-186.47,358.54,260.97,-0.26772,-0.77071,-0.39533,0.42197
-185.76,359.53,261.52,-0.26914,-0.77075,-0.39458,0.42168
-185.01,360.55,262.08,-0.27059,-0.77076,-0.39383,0.42144
-184.22,361.58,262.66,-0.27205,-0.77075,-0.39305,0.42124
-183.38,362.64,263.26,-0.27354,-0.7707,-0.39226,0.42109
-182.51,363.7,263.87,-0.27505,-0.77063,-0.39146,0.42099
-181.6,364.79,264.5,-0.27658,-0.77053,-0.39065,0.42093
-180.64,365.89,265.15,-0.27813,-0.7704,-0.38981,0.42092
-179.64,367.01,265.81,-0.27969,-0.77024,-0.38897,0.42096
-178.6,368.14,266.48,-0.28127,-0.77005,-0.38811,0.42105
-177.52,369.28,267.17,-0.28287,-0.76983,-0.38724,0.42119
-176.4,370.44,267.87,-0.28448,-0.76958,-0.38635,0.42138
-175.23,371.61,268.59,-0.2861,-0.76929,-0.38545,0.42162
-174.02,372.8,269.32,-0.28774,-0.76898,-0.38454,0.42191
-172.78,373.99,270.06,-0.28938,-0.76863,-0.38361,0.42226
-171.48,375.2,270.81,-0.29104,-0.76825,-0.38267,0.42266
-170.15,376.42,271.58,-0.29271,-0.76784,-0.38172,0.42312
-168.78,377.64,272.35,-0.29438,-0.7674,-0.38076,0.42363
-167.36,378.88,273.14,-0.29606,-0.76692,-0.37979,0.4242
-165.9,380.12,273.93,-0.29775,-0.76641,-0.3788,0.42482
-164.4,381.37,274.74,-0.29944,-0.76586,-0.37781,0.4255
-162.86,382.63,275.55,-0.30113,-0.76528,-0.37681,0.42623
-161.29,383.89,276.37,-0.30283,-0.76467,-0.37579,0.42703
-159.67,385.16,277.2,-0.30452,-0.76402,-0.37477,0.42788
-158.01,386.43,278.03,-0.30622,-0.76334,-0.37375,0.42879
-156.31,387.7,278.88,-0.30791,-0.76262,-0.37271,0.42976
-154.57,388.98,279.73,-0.3096,-0.76186,-0.37167,0.43079
-152.79,390.25,280.58,-0.31128,-0.76107,-0.37062,0.43188
-150.98,391.53,281.44,-0.31295,-0.76023,-0.36957,0.43304
-149.13,392.8,282.3,-0.31462,-0.75937,-0.36852,0.43425
-147.24,394.07,283.17,-0.31628,-0.75846,-0.36746,0.43552
-145.32,395.34,284.05,-0.31793,-0.75752,-0.3664,0.43686
-143.36,396.61,284.92,-0.31956,-0.75653,-0.36534,0.43825
-141.36,397.86,285.8,-0.32118,-0.75551,-0.36427,0.43972
-139.34,399.12,286.68,-0.32278,-0.75445,-0.36321,0.44124
-137.28,400.36,287.57,-0.32437,-0.75335,-0.36216,0.44283
-135.18,401.6,288.45,-0.32594,-0.7522,-0.3611,0.44448
-133.06,402.82,289.34,-0.32749,-0.75102,-0.36005,0.44619
-130.91,404.03,290.23,-0.32901,-0.74979,-0.359,0.44797
-128.72,405.23,291.12,-0.33051,-0.74852,-0.35796,0.44982
-126.51,406.42,292.01,-0.33199,-0.74721,-0.35693,0.45173
-124.27,407.59,292.91,-0.33344,-0.74585,-0.35591,0.45371
-122,408.74,293.8,-0.33486,-0.74445,-0.3549,0.45575
-119.7,409.88,294.7,-0.33625,-0.743,-0.3539,0.45786
-117.38,411,295.59,-0.33761,-0.74151,-0.35292,0.46003
-115.04,412.09,296.49,-0.33893,-0.73997,-0.35195,0.46228
-112.67,413.16,297.39,-0.34022,-0.73838,-0.35099,0.46459
-110.28,414.21,298.29,-0.34147,-0.73675,-0.35006,0.46697
-107.87,415.23,299.19,-0.34268,-0.73506,-0.34914,0.46942
-105.44,416.22,300.09,-0.34385,-0.73332,-0.34825,0.47193
-102.99,417.19,300.99,-0.34498,-0.73154,-0.34738,0.47452
-100.52,418.12,301.9,-0.34607,-0.7297,-0.34653,0.47717
-98.038,419.03,302.81,-0.34711,-0.72781,-0.3457,0.4799
-95.535,419.9,303.72,-0.3481,-0.72586,-0.3449,0.48269
-93.016,420.74,304.63,-0.34905,-0.72387,-0.34413,0.48555
-90.482,421.55,305.55,-0.34995,-0.72181,-0.34339,0.48848
-87.933,422.32,306.47,-0.3508,-0.7197,-0.34268,0.49147
-85.37,423.05,307.39,-0.35159,-0.71753,-0.34199,0.49454
-82.794,423.74,308.32,-0.35234,-0.71531,-0.34134,0.49767
-80.206,424.4,309.25,-0.35303,-0.71303,-0.34073,0.50087
-77.605,425.02,310.18,-0.35366,-0.71068,-0.34014,0.50414
-74.994,425.6,311.12,-0.35425,-0.70828,-0.33959,0.50747
-72.372,426.13,312.06,-0.35477,-0.70582,-0.33908,0.51087
-69.739,426.63,313.01,-0.35524,-0.70329,-0.3386,0.51433
-67.097,427.08,313.96,-0.35565,-0.7007,-0.33816,0.51786
-64.447,427.48,314.91,-0.356,-0.69804,-0.33776,0.52146
-61.787,427.84,315.87,-0.35629,-0.69533,-0.3374,0.52511
-59.12,428.16,316.84,-0.35652,-0.69254,-0.33707,0.52883
-56.445,428.43,317.81,-0.35669,-0.68969,-0.33679,0.53261
-53.762,428.65,318.79,-0.3568,-0.68677,-0.33655,0.53645
-51.073,428.83,319.77,-0.35684,-0.68378,-0.33634,0.54035
-48.378,428.95,320.76,-0.35682,-0.68073,-0.33618,0.54431
-45.676,429.03,321.76,-0.35674,-0.6776,-0.33606,0.54832
-42.969,429.06,322.75,-0.35659,-0.67441,-0.33598,0.55239
-40.256,429.03,323.76,-0.35638,-0.67114,-0.33594,0.55651
-37.538,428.96,324.77,-0.3561,-0.6678,-0.33595,0.56069
-34.815,428.84,325.78,-0.35575,-0.66439,-0.336,0.56492
-32.088,428.66,326.8,-0.35534,-0.6609,-0.33609,0.5692
-29.356,428.43,327.83,-0.35486,-0.65734,-0.33622,0.57353
-26.621,428.15,328.86,-0.35432,-0.65371,-0.33639,0.5779
-23.882,427.81,329.89,-0.3537,-0.65,-0.33661,0.58232
-21.139,427.42,330.93,-0.35302,-0.64621,-0.33686,0.58678
-18.393,426.98,331.97,-0.35226,-0.64235,-0.33716,0.59129
-15.644,426.48,333.01,-0.35144,-0.63841,-0.3375,0.59583
-12.893,425.93,334.06,-0.35055,-0.6344,-0.33788,0.60041
-10.139,425.33,335.1,-0.34959,-0.6303,-0.3383,0.60503
-7.3827,424.66,336.15,-0.34855,-0.62613,-0.33876,0.60968
-4.6245,423.95,337.2,-0.34745,-0.62189,-0.33926,0.61436
-1.8647,423.17,338.25,-0.34628,-0.61756,-0.3398,0.61907
0.89649,422.35,339.3,-0.34503,-0.61316,-0.34038,0.62381
3.6588,421.46,340.35,-0.34372,-0.60867,-0.34099,0.62857
6.422,420.52,341.4,-0.34233,-0.60411,-0.34164,0.63336
9.1857,419.53,342.44,-0.34087,-0.59948,-0.34232,0.63816
11.95,418.48,343.48,-0.33934,-0.59476,-0.34304,0.64298
14.713,417.37,344.52,-0.33774,-0.58997,-0.34379,0.64782
17.477,416.21,345.55,-0.33607,-0.5851,-0.34458,0.65267
20.239,414.99,346.57,-0.33433,-0.58015,-0.34539,0.65753
23,413.72,347.59,-0.33252,-0.57513,-0.34624,0.6624
25.76,412.39,348.6,-0.33064,-0.57003,-0.34711,0.66727
28.517,411.01,349.6,-0.32868,-0.56486,-0.34801,0.67215
31.272,409.57,350.59,-0.32666,-0.55962,-0.34894,0.67703
34.024,408.08,351.57,-0.32457,-0.5543,-0.34989,0.6819
36.773,406.54,352.54,-0.32241,-0.54891,-0.35087,0.68676
39.517,404.95,353.49,-0.32018,-0.54345,-0.35187,0.69162
42.257,403.3,354.43,-0.31788,-0.53791,-0.35289,0.69647
44.991,401.6,355.35,-0.31551,-0.53232,-0.35393,0.7013
47.72,399.85,356.26,-0.31308,-0.52665,-0.35499,0.70612
50.443,398.06,357.15,-0.31059,-0.52092,-0.35606,0.71092
53.158,396.21,358.02,-0.30802,-0.51512,-0.35715,0.71569
55.866,394.32,358.87,-0.3054,-0.50927,-0.35825,0.72044
58.565,392.38,359.7,-0.30271,-0.50335,-0.35936,0.72517
61.255,390.4,360.51,-0.29996,-0.49737,-0.36048,0.72986
63.936,388.37,361.29,-0.29715,-0.49134,-0.36161,0.73452
66.605,386.3,362.05,-0.29428,-0.48526,-0.36275,0.73915
69.263,384.18,362.79,-0.29135,-0.47912,-0.36389,0.74374
71.908,382.03,363.5,-0.28836,-0.47294,-0.36503,0.74828
74.541,379.84,364.18,-0.28532,-0.46671,-0.36618,0.75279
77.159,377.61,364.84,-0.28223,-0.46043,-0.36732,0.75725
79.762,375.35,365.47,-0.27908,-0.45411,-0.36847,0.76166
82.349,373.05,366.07,-0.27588,-0.44776,-0.36961,0.76602
84.919,370.72,366.63,-0.27264,-0.44137,-0.37074,0.77033
87.471,368.36,367.17,-0.26934,-0.43495,-0.37186,0.77459
90.005,365.97,367.68,-0.26601,-0.42851,-0.37298,0.77879
92.518,363.56,368.16,-0.26263,-0.42203,-0.37409,0.78293
95.011,361.12,368.6,-0.25921,-0.41554,-0.37518,0.78701
97.481,358.67,369.01,-0.25575,-0.40903,-0.37626,0.79102
99.929,356.19,369.39,-0.25226,-0.4025,-0.37732,0.79497
102.35,353.69,369.74,-0.24874,-0.39596,-0.37837,0.79886
104.75,351.18,370.05,-0.24519,-0.38942,-0.37939,0.80268
107.12,348.66,370.33,-0.24161,-0.38288,-0.3804,0.80643
109.47,346.13,370.58,-0.238,-0.37634,-0.38138,0.81011
111.78,343.59,370.8,-0.23437,-0.3698,-0.38234,0.81371
114.07,341.05,370.98,-0.23073,-0.36328,-0.38328,0.81725
116.33,338.5,371.13,-0.22707,-0.35677,-0.38419,0.8207
118.55,335.96,371.25,-0.2234,-0.35029,-0.38506,0.82409
120.74,333.42,371.33,-0.21972,-0.34382,-0.38592,0.82739
122.9,330.88,371.39,-0.21603,-0.33739,-0.38674,0.83062
125.02,328.35,371.42,-0.21234,-0.33099,-0.38752,0.83378
127.11,325.83,371.41,-0.20865,-0.32463,-0.38828,0.83685
129.16,323.33,371.38,-0.20497,-0.31831,-0.389,0.83985
131.17,320.84,371.32,-0.20129,-0.31204,-0.38969,0.84277
133.15,318.37,371.24,-0.19762,-0.30582,-0.39034,0.84561
135.08,315.91,371.13,-0.19396,-0.29965,-0.39096,0.84838
136.98,313.48,371,-0.19032,-0.29354,-0.39154,0.85106
138.83,311.07,370.84,-0.18669,-0.2875,-0.39208,0.85368
140.64,308.69,370.67,-0.18309,-0.28152,-0.39259,0.85621
142.41,306.33,370.47,-0.17951,-0.27562,-0.39305,0.85867
144.14,304,370.25,-0.17595,-0.26979,-0.39348,0.86106
145.82,301.7,370.02,-0.17242,-0.26404,-0.39387,0.86337
147.46,299.44,369.78,-0.16893,-0.25838,-0.39423,0.86561
149.05,297.21,369.51,-0.16547,-0.2528,-0.39454,0.86779
150.6,295.01,369.24,-0.16204,-0.24731,-0.39482,0.86989
152.1,292.85,368.96,-0.15865,-0.24192,-0.39505,0.87192
153.55,290.72,368.66,-0.1553,-0.23662,-0.39525,0.87388
154.95,288.64,368.36,-0.15199,-0.23142,-0.39541,0.87578
156.31,286.6,368.06,-0.14873,-0.22633,-0.39553,0.87762
157.62,284.59,367.75,-0.14552,-0.22135,-0.39561,0.87939
158.88,282.63,367.43,-0.14235,-0.21648,-0.39565,0.8811
160.09,280.72,367.12,-0.13924,-0.21172,-0.39565,0.88275
161.25,278.84,366.81,-0.13617,-0.20707,-0.39562,0.88434
162.36,277.01,366.5,-0.13316,-0.20255,-0.39555,0.88588
163.42,275.23,366.19,-0.13021,-0.19815,-0.39544,0.88736
164.43,273.5,365.89,-0.12732,-0.19387,-0.39529,0.88879
165.38,271.81,365.59,-0.12448,-0.18972,-0.39511,0.89017
166.29,270.17,365.31,-0.12171,-0.1857,-0.39489,0.89149
167.14,268.57,365.03,-0.119,-0.18181,-0.39464,0.89277
167.94,267.03,364.77,-0.11635,-0.17806,-0.39435,0.89401
168.69,265.53,364.51,-0.11377,-0.17444,-0.39403,0.89519
169.39,264.09,364.27,-0.11125,-0.17096,-0.39367,0.89634
170.03,262.69,364.05,-0.10881,-0.16762,-0.39327,0.89744
170.62,261.35,363.85,-0.10643,-0.16443,-0.39285,0.8985
171.15,260.05,363.66,-0.10412,-0.16138,-0.39239,0.89953
171.63,258.8,363.49,-0.10188,-0.15847,-0.3919,0.90051
172.06,257.61,363.34,-0.099708,-0.15572,-0.39138,0.90146
172.43,256.46,363.21,-0.097612,-0.15311,-0.39082,0.90238
172.74,255.37,363.1,-0.095589,-0.15066,-0.39024,0.90326
173,254.33,363.02,-0.093639,-0.14835,-0.38962,0.90411
173.21,253.33,362.96,-0.091763,-0.14621,-0.38898,0.90493
173.36,252.39,362.92,-0.089962,-0.14421,-0.3883,0.90572
173.45,251.5,362.91,-0.088235,-0.14237,-0.3876,0.90648
173.48,250.66,362.93,-0.086584,-0.14069,-0.38687,0.90722
173.46,249.86,362.97,-0.085009,-0.13917,-0.38611,0.90792
173.38,249.12,363.04,-0.083509,-0.13781,-0.38533,0.9086
173.25,248.43,363.13,-0.082085,-0.13661,-0.38451,0.90926
173.05,247.78,363.26,-0.080737,-0.13556,-0.38368,0.90989
172.8,247.19,363.41,-0.079465,-0.13468,-0.38281,0.91049
172.48,246.64,363.59,-0.078268,-0.13396,-0.38193,0.91108
172.11,246.14,363.79,-0.077147,-0.13341,-0.38101,0.91164
171.68,245.69,364.03,-0.076102,-0.13301,-0.38008,0.91217
171.19,245.28,364.29,-0.075132,-0.13278,-0.37912,0.91269
170.63,244.92,364.58,-0.074237,-0.13271,-0.37814,0.91318
170.02,244.61,364.9,-0.073415,-0.13281,-0.37713,0.91364
169.34,244.34,365.24,-0.072668,-0.13307,-0.37611,0.91409
168.6,244.12,365.62,-0.071994,-0.13349,-0.37506,0.91451
167.8,243.94,366.02,-0.071393,-0.13407,-0.37399,0.91491
166.94,243.8,366.44,-0.070863,-0.13482,-0.3729,0.91528
166.01,243.71,366.89,-0.070405,-0.13574,-0.3718,0.91563
165.02,243.66,367.36,-0.070017,-0.13681,-0.37067,0.91596
163.96,243.64,367.86,-0.069698,-0.13805,-0.36953,0.91626
162.84,243.67,368.39,-0.069448,-0.13944,-0.36836,0.91654
161.65,243.74,368.93,-0.069265,-0.141,-0.36718,0.91679
160.4,243.85,369.49,-0.069149,-0.14272,-0.36598,0.91701
159.08,244,370.08,-0.069098,-0.1446,-0.36477,0.9172
157.69,244.18,370.68,-0.06911,-0.14664,-0.36354,0.91737
156.24,244.39,371.31,-0.069186,-0.14884,-0.36229,0.9175
154.72,244.65,371.95,-0.069323,-0.15119,-0.36103,0.9176
153.13,244.93,372.6,-0.06952,-0.1537,-0.35976,0.91767
151.47,245.25,373.27,-0.069776,-0.15636,-0.35847,0.9177
