-200.59,394.91,227.96,-0.22753,-0.75073,-0.45606,0.4203
-199.13,395.42,228.85,-0.22843,-0.74992,-0.45611,0.42119
-197.65,395.92,229.76,-0.22934,-0.74909,-0.45618,0.4221
-196.15,396.4,230.67,-0.23023,-0.74824,-0.45626,0.42303
-194.63,396.88,231.6,-0.23113,-0.74737,-0.45635,0.42398
-193.1,397.34,232.54,-0.23202,-0.74648,-0.45646,0.42495
-191.54,397.79,233.5,-0.2329,-0.74558,-0.45657,0.42593
-189.97,398.23,234.46,-0.23377,-0.74465,-0.4567,0.42694
-188.38,398.64,235.44,-0.23463,-0.7437,-0.45685,0.42797
-186.76,399.04,236.43,-0.23549,-0.74272,-0.45701,0.42901
-185.13,399.42,237.44,-0.23633,-0.74173,-0.45718,0.43008
-183.49,399.79,238.45,-0.23716,-0.74071,-0.45737,0.43117
-181.82,400.12,239.49,-0.23798,-0.73968,-0.45758,0.43229
-180.14,400.44,240.53,-0.23878,-0.73861,-0.4578,0.43342
-178.44,400.73,241.59,-0.23956,-0.73753,-0.45804,0.43458
-176.72,401,242.66,-0.24033,-0.73642,-0.4583,0.43576
-174.98,401.24,243.75,-0.24108,-0.73528,-0.45858,0.43697
-173.23,401.45,244.85,-0.24181,-0.73412,-0.45888,0.43821
-171.46,401.63,245.96,-0.24251,-0.73293,-0.4592,0.43946
-169.68,401.78,247.09,-0.2432,-0.73172,-0.45955,0.44075
-167.88,401.89,248.23,-0.24386,-0.73048,-0.45991,0.44206
-166.07,401.97,249.39,-0.24449,-0.72921,-0.46029,0.4434
-164.24,402.02,250.57,-0.2451,-0.72792,-0.4607,0.44476
-162.39,402.03,251.75,-0.24568,-0.7266,-0.46113,0.44615
-160.53,402,252.96,-0.24623,-0.72525,-0.46159,0.44757
-158.66,401.94,254.17,-0.24675,-0.72388,-0.46206,0.44902
-156.77,401.83,255.41,-0.24724,-0.72247,-0.46257,0.45049
-154.87,401.68,256.65,-0.24769,-0.72104,-0.46309,0.452
-152.96,401.49,257.91,-0.24811,-0.71957,-0.46365,0.45353
-151.03,401.26,259.19,-0.2485,-0.71808,-0.46423,0.45509
-149.09,400.98,260.48,-0.24885,-0.71656,-0.46483,0.45667
-147.14,400.65,261.78,-0.24917,-0.715,-0.46546,0.45829
-145.18,400.28,263.1,-0.24944,-0.71342,-0.46612,0.45993
-143.21,399.86,264.43,-0.24968,-0.71181,-0.4668,0.46161
-141.23,399.39,265.77,-0.24987,-0.71017,-0.46752,0.46331
-139.24,398.88,267.13,-0.25003,-0.70849,-0.46825,0.46504
-137.24,398.31,268.5,-0.25014,-0.70679,-0.46902,0.46679
-135.22,397.69,269.88,-0.25021,-0.70506,-0.46981,0.46858
-133.21,397.02,271.27,-0.25024,-0.70329,-0.47064,0.47039
-131.18,396.29,272.67,-0.25022,-0.70149,-0.47148,0.47223
-129.14,395.51,274.09,-0.25015,-0.69967,-0.47236,0.4741
-127.1,394.68,275.51,-0.25004,-0.69781,-0.47327,0.47599
-125.05,393.79,276.95,-0.24988,-0.69592,-0.4742,0.47791
-123,392.85,278.39,-0.24967,-0.694,-0.47516,0.47985
-120.93,391.85,279.84,-0.24942,-0.69204,-0.47614,0.48182
-118.87,390.79,281.3,-0.24911,-0.69006,-0.47716,0.48382
-116.8,389.67,282.77,-0.24876,-0.68805,-0.4782,0.48584
-114.72,388.5,284.24,-0.24835,-0.686,-0.47927,0.48788
-112.64,387.27,285.72,-0.24789,-0.68392,-0.48037,0.48995
-110.56,385.98,287.21,-0.24738,-0.68182,-0.48149,0.49204
-108.47,384.63,288.69,-0.24682,-0.67968,-0.48264,0.49415
-106.39,383.22,290.19,-0.2462,-0.67751,-0.48381,0.49628
-104.3,381.75,291.68,-0.24553,-0.67531,-0.48501,0.49844
-102.21,380.22,293.18,-0.2448,-0.67308,-0.48624,0.50061
-100.11,378.63,294.68,-0.24402,-0.67082,-0.48749,0.5028
-98.023,376.98,296.18,-0.24319,-0.66853,-0.48877,0.50501
-95.932,375.27,297.68,-0.2423,-0.66621,-0.49007,0.50724
-93.842,373.5,299.18,-0.24135,-0.66386,-0.49139,0.50949
-91.753,371.66,300.67,-0.24034,-0.66148,-0.49274,0.51176
-89.666,369.77,302.16,-0.23928,-0.65907,-0.4941,0.51403
-87.582,367.82,303.65,-0.23817,-0.65663,-0.4955,0.51633
-85.5,365.8,305.13,-0.23699,-0.65417,-0.49691,0.51863
-83.422,363.73,306.61,-0.23576,-0.65168,-0.49834,0.52095
-81.349,361.59,308.08,-0.23447,-0.64915,-0.49979,0.52329
-79.279,359.4,309.54,-0.23312,-0.64661,-0.50127,0.52563
-77.215,357.14,310.99,-0.23172,-0.64403,-0.50276,0.52798
-75.157,354.83,312.44,-0.23025,-0.64143,-0.50427,0.53034
-73.105,352.46,313.87,-0.22873,-0.6388,-0.50579,0.53271
-71.06,350.02,315.29,-0.22716,-0.63615,-0.50734,0.53509
-69.022,347.54,316.69,-0.22552,-0.63347,-0.5089,0.53747
-66.992,344.99,318.09,-0.22383,-0.63077,-0.51047,0.53986
-64.97,342.39,319.46,-0.22208,-0.62805,-0.51206,0.54225
-62.958,339.73,320.82,-0.22027,-0.6253,-0.51366,0.54464
-60.955,337.01,322.17,-0.21841,-0.62253,-0.51527,0.54704
-58.962,334.25,323.49,-0.21649,-0.61974,-0.51689,0.54943
-56.979,331.42,324.8,-0.21452,-0.61693,-0.51853,0.55183
-55.008,328.55,326.08,-0.21248,-0.6141,-0.52017,0.55422
-53.049,325.62,327.35,-0.2104,-0.61125,-0.52182,0.55661
-51.102,322.65,328.59,-0.20826,-0.60838,-0.52348,0.55899
-49.169,319.62,329.81,-0.20607,-0.60549,-0.52515,0.56137
-47.248,316.55,331.01,-0.20382,-0.60259,-0.52682,0.56375
-45.342,313.42,332.18,-0.20152,-0.59967,-0.52849,0.56611
-43.451,310.26,333.32,-0.19917,-0.59673,-0.53017,0.56847
-41.575,307.04,334.44,-0.19677,-0.59379,-0.53185,0.57082
-39.715,303.79,335.53,-0.19431,-0.59083,-0.53353,0.57316
-37.872,300.49,336.6,-0.19181,-0.58786,-0.53521,0.57548
-36.046,297.15,337.63,-0.18926,-0.58488,-0.5369,0.57779
-34.238,293.77,338.64,-0.18666,-0.58189,-0.53857,0.58009
-32.448,290.35,339.61,-0.18402,-0.57889,-0.54025,0.58237
-30.678,286.89,340.55,-0.18133,-0.57588,-0.54192,0.58464
-28.927,283.41,341.47,-0.17859,-0.57287,-0.54359,0.58688
-27.197,279.88,342.35,-0.17581,-0.56986,-0.54525,0.58911
-25.488,276.33,343.2,-0.17299,-0.56685,-0.5469,0.59132
-23.802,272.75,344.01,-0.17013,-0.56383,-0.54854,0.5935
-22.138,269.14,344.79,-0.16723,-0.56082,-0.55018,0.59567
-20.497,265.5,345.54,-0.16429,-0.55781,-0.5518,0.59781
-18.88,261.84,346.25,-0.16132,-0.5548,-0.55341,0.59992
-17.289,258.15,346.93,-0.15831,-0.5518,-0.55501,0.60201
-15.723,254.44,347.57,-0.15526,-0.5488,-0.5566,0.60408
-14.184,250.72,348.18,-0.15219,-0.54582,-0.55817,0.60611
-12.672,246.98,348.76,-0.14908,-0.54284,-0.55972,0.60812
-11.189,243.22,349.3,-0.14594,-0.53988,-0.56126,0.61009
-9.7345,239.45,349.8,-0.14278,-0.53694,-0.56278,0.61204
-8.3101,235.67,350.27,-0.13959,-0.53401,-0.56428,0.61395
-6.9167,231.88,350.71,-0.13638,-0.5311,-0.56576,0.61583
-5.5552,228.09,351.11,-0.13314,-0.52821,-0.56722,0.61768
-4.2265,224.29,351.48,-0.12989,-0.52534,-0.56866,0.61949
-2.9316,220.49,351.81,-0.12661,-0.5225,-0.57007,0.62127
-1.6711,216.68,352.11,-0.12332,-0.51969,-0.57146,0.62301
-0.44619,212.88,352.37,-0.12002,-0.51691,-0.57283,0.62471
0.74248,209.08,352.61,-0.1167,-0.51416,-0.57417,0.62638
1.894,205.28,352.81,-0.11337,-0.51144,-0.57549,0.62801
3.0076,201.49,352.98,-0.11003,-0.50876,-0.57678,0.6296
4.0826,197.71,353.12,-0.10668,-0.50611,-0.57804,0.63114
5.118,193.94,353.23,-0.10332,-0.5035,-0.57927,0.63265
6.1132,190.18,353.3,-0.099961,-0.50094,-0.58048,0.63412
7.0674,186.43,353.35,-0.096596,-0.49842,-0.58166,0.63555
7.9799,182.7,353.37,-0.09323,-0.49594,-0.58281,0.63694
8.8501,178.98,353.37,-0.089864,-0.49351,-0.58393,0.63828
9.6771,175.28,353.34,-0.086498,-0.49112,-0.58502,0.63959
10.46,171.59,353.28,-0.083136,-0.48879,-0.58608,0.64085
11.199,167.93,353.19,-0.079777,-0.4865,-0.58711,0.64207
11.893,164.28,353.09,-0.076425,-0.48427,-0.58811,0.64325
12.542,160.66,352.95,-0.073079,-0.4821,-0.58907,0.64439
13.144,157.07,352.8,-0.069742,-0.47997,-0.59001,0.64548
13.7,153.49,352.62,-0.066414,-0.47791,-0.59092,0.64653
14.208,149.94,352.43,-0.063098,-0.4759,-0.59179,0.64754
14.668,146.42,352.21,-0.059795,-0.47396,-0.59264,0.64851
15.08,142.92,351.97,-0.056505,-0.47207,-0.59345,0.64943
15.443,139.46,351.72,-0.053231,-0.47025,-0.59424,0.65032
15.757,136.02,351.45,-0.049973,-0.46849,-0.59499,0.65116
16.02,132.61,351.16,-0.046733,-0.4668,-0.59571,0.65195
16.234,129.23,350.85,-0.043512,-0.46517,-0.5964,0.65271
16.397,125.89,350.53,-0.040311,-0.46361,-0.59706,0.65342
16.509,122.57,350.2,-0.037132,-0.46212,-0.59769,0.65409
16.57,119.29,349.85,-0.033975,-0.46069,-0.59829,0.65472
16.578,116.04,349.49,-0.030843,-0.45934,-0.59886,0.6553
16.535,112.83,349.12,-0.027735,-0.45805,-0.5994,0.65585
16.439,109.65,348.74,-0.024653,-0.45684,-0.59991,0.65635
16.291,106.51,348.34,-0.021599,-0.4557,-0.6004,0.65681
16.089,103.4,347.94,-0.018573,-0.45463,-0.60085,0.65723
15.835,100.33,347.52,-0.015576,-0.45363,-0.60128,0.6576
15.526,97.3,347.1,-0.01261,-0.4527,-0.60168,0.65794
15.165,94.305,346.67,-0.0096749,-0.45185,-0.60205,0.65824
14.749,91.349,346.23,-0.0067726,-0.45108,-0.60239,0.65849
14.28,88.431,345.78,-0.0039039,-0.45038,-0.60271,0.6587
13.756,85.552,345.33,-0.0010697,-0.44975,-0.603,0.65887
13.179,82.713,344.87,0.001729,-0.4492,-0.60327,0.65901
12.547,79.914,344.41,0.0044913,-0.44872,-0.60351,0.6591
11.862,77.156,343.94,0.0072161,-0.44832,-0.60372,0.65915
11.122,74.439,343.46,0.0099026,-0.44799,-0.60392,0.65916
10.328,71.763,342.98,0.01255,-0.44774,-0.60408,0.65913
9.4809,69.129,342.5,0.015157,-0.44756,-0.60423,0.65906
8.5795,66.537,342.01,0.017723,-0.44746,-0.60436,0.65896
7.6245,63.987,341.52,0.020248,-0.44743,-0.60446,0.65881
6.6162,61.481,341.02,0.022729,-0.44747,-0.60454,0.65862
5.5548,59.018,340.52,0.025168,-0.44759,-0.6046,0.6584
4.4406,56.598,340.02,0.027562,-0.44778,-0.60464,0.65814
3.2739,54.222,339.51,0.029911,-0.44804,-0.60466,0.65784
2.0552,51.891,339.01,0.032214,-0.44838,-0.60467,0.6575
0.78484,49.604,338.49,0.03447,-0.44878,-0.60465,0.65712
-0.53664,47.362,337.98,0.03668,-0.44925,-0.60462,0.65671
-1.9087,45.165,337.46,0.038842,-0.4498,-0.60457,0.65626
-3.3308,43.014,336.94,0.040955,-0.45041,-0.6045,0.65577
-4.8022,40.908,336.42,0.043019,-0.45108,-0.60442,0.65524
-6.3223,38.848,335.9,0.045034,-0.45183,-0.60433,0.65468
-7.8903,36.835,335.37,0.046998,-0.45263,-0.60422,0.65409
-9.5054,34.868,334.84,0.048911,-0.45351,-0.6041,0.65346
-11.167,32.947,334.31,0.050774,-0.45444,-0.60396,0.65279
-12.873,31.074,333.77,0.052584,-0.45543,-0.60381,0.65209
-14.624,29.247,333.24,0.054343,-0.45648,-0.60365,0.65136
-16.419,27.467,332.69,0.056049,-0.4576,-0.60348,0.65059
-18.255,25.735,332.15,0.057702,-0.45876,-0.6033,0.64979
-20.133,24.049,331.6,0.059303,-0.45998,-0.60311,0.64896
-22.05,22.411,331.05,0.06085,-0.46126,-0.60291,0.6481
-24.006,20.821,330.49,0.062344,-0.46258,-0.60271,0.64721
-25.999,19.278,329.94,0.063784,-0.46395,-0.60249,0.64628
-28.028,17.782,329.37,0.065171,-0.46537,-0.60227,0.64533
-30.091,16.334,328.81,0.066504,-0.46684,-0.60204,0.64435
-32.187,14.933,328.24,0.067783,-0.46835,-0.6018,0.64334
-34.314,13.578,327.67,0.069009,-0.4699,-0.60156,0.64231
-36.47,12.271,327.09,0.070182,-0.47148,-0.60132,0.64124
-38.654,11.01,326.5,0.071302,-0.47311,-0.60107,0.64016
-40.864,9.7958,325.92,0.072368,-0.47477,-0.60082,0.63905
-43.098,8.6272,325.33,0.073383,-0.47646,-0.60056,0.63791
-45.354,7.5041,324.73,0.074345,-0.47818,-0.6003,0.63676
-47.63,6.4262,324.13,0.075257,-0.47993,-0.60004,0.63558
-49.925,5.3927,323.53,0.076117,-0.4817,-0.59977,0.63438
-52.235,4.4033,322.92,0.076927,-0.48349,-0.59951,0.63317
-54.56,3.4571,322.31,0.077687,-0.48531,-0.59925,0.63194
-56.895,2.5535,321.69,0.0784,-0.48714,-0.59898,0.63069
-59.241,1.6917,321.07,0.079064,-0.48899,-0.59871,0.62943
-61.593,0.87083,320.45,0.079682,-0.49084,-0.59845,0.62816
-63.95,0.089936,319.82,0.080254,-0.49271,-0.59819,0.62687
-66.309,-0.65194,319.18,0.080782,-0.49459,-0.59792,0.62558
-68.668,-1.3558,318.55,0.081266,-0.49646,-0.59766,0.62427
-71.025,-2.0226,317.91,0.081709,-0.49834,-0.5974,0.62297
-73.377,-2.6534,317.27,0.08211,-0.50022,-0.59715,0.62165
-75.723,-3.2492,316.62,0.082472,-0.5021,-0.59689,0.62033
-78.06,-3.8112,315.98,0.082795,-0.50397,-0.59664,0.61901
-80.385,-4.3404,315.33,0.083082,-0.50583,-0.59639,0.61769
-82.698,-4.8379,314.68,0.083332,-0.50769,-0.59615,0.61637
-84.996,-5.3049,314.02,0.083548,-0.50953,-0.59591,0.61505
-87.276,-5.7424,313.37,0.083731,-0.51136,-0.59567,0.61374
-89.538,-6.1517,312.72,0.083883,-0.51317,-0.59544,0.61243
-91.779,-6.5339,312.07,0.084004,-0.51497,-0.59521,0.61113
-93.997,-6.8903,311.41,0.084096,-0.51675,-0.59498,0.60984
-96.191,-7.2219,310.76,0.08416,-0.5185,-0.59476,0.60855
-98.358,-7.5301,310.11,0.084199,-0.52024,-0.59454,0.60728
-100.5,-7.8161,309.47,0.084212,-0.52195,-0.59432,0.60602
-102.61,-8.081,308.82,0.084203,-0.52363,-0.59411,0.60477
-104.69,-8.3262,308.18,0.084172,-0.52529,-0.5939,0.60354
-106.73,-8.5528,307.55,0.08412,-0.52692,-0.5937,0.60233
-108.75,-8.7622,306.92,0.08405,-0.52852,-0.5935,0.60113
-110.72,-8.9555,306.29,0.083962,-0.53009,-0.59331,0.59995
-112.66,-9.1339,305.67,0.083858,-0.53163,-0.59311,0.5988
-114.56,-9.2988,305.06,0.083739,-0.53313,-0.59293,0.59766
-116.43,-9.4513,304.45,0.083608,-0.5346,-0.59274,0.59655
-118.25,-9.5927,303.85,0.083464,-0.53604,-0.59256,0.59546
-120.03,-9.7242,303.26,0.083311,-0.53744,-0.59238,0.5944
-121.77,-9.8469,302.68,0.083148,-0.5388,-0.59221,0.59336
-123.46,-9.9621,302.11,0.082978,-0.54013,-0.59203,0.59235
-125.11,-10.071,301.55,0.082802,-0.54141,-0.59186,0.59136
-126.72,-10.175,300.99,0.082621,-0.54266,-0.5917,0.59041
-128.27,-10.274,300.45,0.082437,-0.54387,-0.59153,0.58949
-129.78,-10.37,299.93,0.08225,-0.54504,-0.59137,0.5886
-131.25,-10.465,299.41,0.082062,-0.54617,-0.59121,0.58774
-132.66,-10.559,298.91,0.081875,-0.54725,-0.59106,0.58691
-134.02,-10.652,298.42,0.081689,-0.5483,-0.5909,0.58611
-135.34,-10.747,297.94,0.081506,-0.5493,-0.59075,0.58535
-136.6,-10.844,297.48,0.081326,-0.55026,-0.5906,0.58463
-137.82,-10.944,297.03,0.081152,-0.55118,-0.59045,0.58394
-138.98,-11.048,296.6,0.080983,-0.55205,-0.5903,0.58328
-140.08,-11.157,296.18,0.080822,-0.55289,-0.59016,0.58267
-141.14,-11.271,295.78,0.080668,-0.55367,-0.59001,0.58209
-142.15,-11.392,295.4,0.080524,-0.55442,-0.58987,0.58154
-143.1,-11.52,295.03,0.080389,-0.55512,-0.58972,0.58104
-143.99,-11.655,294.68,0.080266,-0.55578,-0.58958,0.58057
-144.84,-11.799,294.35,0.080153,-0.55639,-0.58944,0.58015
-145.63,-11.951,294.03,0.080054,-0.55696,-0.58929,0.57976
-146.36,-12.113,293.73,0.079967,-0.55749,-0.58915,0.57941
-147.05,-12.285,293.45,0.079894,-0.55797,-0.58901,0.5791
-147.67,-12.468,293.19,0.079836,-0.55841,-0.58887,0.57883
-148.25,-12.661,292.95,0.079792,-0.5588,-0.58873,0.5786
-148.77,-12.866,292.73,0.079764,-0.55915,-0.58858,0.57841
-149.23,-13.082,292.52,0.079752,-0.55946,-0.58844,0.57826
-149.64,-13.309,292.34,0.079756,-0.55973,-0.5883,0.57815
-150,-13.549,292.17,0.079778,-0.55995,-0.58815,0.57807
-150.3,-13.8,292.03,0.079816,-0.56013,-0.58801,0.57804
-150.55,-14.064,291.9,0.079872,-0.56026,-0.58786,0.57805
-150.75,-14.34,291.8,0.079945,-0.56036,-0.58772,0.5781
-150.89,-14.627,291.71,0.080036,-0.56041,-0.58757,0.57818
-150.98,-14.927,291.64,0.080145,-0.56042,-0.58742,0.57831
-151.02,-15.238,291.59,0.080272,-0.56039,-0.58728,0.57847
-151,-15.561,291.57,0.080416,-0.56031,-0.58713,0.57867
-150.93,-15.895,291.56,0.080579,-0.5602,-0.58698,0.57891
-150.81,-16.24,291.57,0.080759,-0.56005,-0.58683,0.57919
-150.64,-16.596,291.6,0.080956,-0.55985,-0.58667,0.5795
-150.41,-16.962,291.65,0.081171,-0.55962,-0.58652,0.57985
-150.14,-17.338,291.71,0.081403,-0.55935,-0.58637,0.58024
-149.82,-17.722,291.8,0.081652,-0.55904,-0.58621,0.58066
-149.44,-18.116,291.91,0.081916,-0.55869,-0.58606,0.58111
-149.02,-18.517,292.03,0.082197,-0.5583,-0.5859,0.5816
-148.55,-18.926,292.18,0.082492,-0.55788,-0.58574,0.58213
-148.03,-19.341,292.34,0.082803,-0.55742,-0.58559,0.58268
-147.46,-19.762,292.52,0.083127,-0.55692,-0.58543,0.58327
-146.85,-20.187,292.72,0.083465,-0.55639,-0.58527,0.58388
-146.19,-20.617,292.93,0.083816,-0.55583,-0.58511,0.58453
