-206.62,373.28,182.37,-0.25917,-0.77099,-0.45467,0.36287
-206.77,373.72,182.2,-0.25957,-0.77147,-0.45463,0.36163
-206.93,374.16,182.02,-0.25997,-0.77194,-0.45459,0.36039
-207.08,374.59,181.85,-0.26037,-0.7724,-0.45455,0.35915
-207.23,375.03,181.67,-0.26076,-0.77286,-0.4545,0.35793
-207.37,375.46,181.5,-0.26116,-0.77332,-0.45446,0.35671
-207.51,375.88,181.33,-0.26155,-0.77376,-0.45442,0.3555
-207.64,376.3,181.17,-0.26194,-0.7742,-0.45439,0.35431
-207.77,376.71,181.01,-0.26232,-0.77463,-0.45435,0.35313
-207.89,377.11,180.85,-0.26269,-0.77505,-0.45432,0.35197
-208.01,377.5,180.7,-0.26305,-0.77546,-0.45429,0.35084
-208.12,377.88,180.55,-0.26341,-0.77585,-0.45426,0.34974
-208.22,378.25,180.42,-0.26375,-0.77624,-0.45424,0.34866
-208.31,378.6,180.29,-0.26407,-0.7766,-0.45422,0.34761
-208.4,378.93,180.17,-0.26438,-0.77696,-0.45421,0.3466
-208.47,379.25,180.05,-0.26468,-0.77729,-0.4542,0.34563
-208.54,379.55,179.95,-0.26496,-0.77761,-0.4542,0.34471
-208.59,379.83,179.86,-0.26522,-0.77791,-0.45421,0.34382
-208.64,380.08,179.78,-0.26545,-0.77818,-0.45423,0.34299
-208.67,380.31,179.72,-0.26567,-0.77844,-0.45425,0.34221
-208.7,380.52,179.66,-0.26585,-0.77868,-0.45429,0.34148
-208.71,380.69,179.62,-0.26602,-0.77889,-0.45433,0.34081
-208.71,380.84,179.6,-0.26615,-0.77907,-0.45439,0.3402
-208.69,380.96,179.59,-0.26626,-0.77924,-0.45445,0.33966
-208.67,381.05,179.6,-0.26634,-0.77937,-0.45453,0.33919
-208.63,381.1,179.63,-0.26638,-0.77948,-0.45462,0.33878
-208.57,381.12,179.67,-0.26639,-0.77956,-0.45472,0.33845
-208.5,381.11,179.74,-0.26637,-0.77962,-0.45483,0.33819
-208.42,381.05,179.82,-0.26631,-0.77964,-0.45496,0.33801
-208.32,380.96,179.92,-0.26621,-0.77963,-0.4551,0.33791
-208.2,380.83,180.04,-0.26608,-0.77959,-0.45526,0.3379
-208.07,380.66,180.18,-0.2659,-0.77952,-0.45543,0.33797
-207.92,380.45,180.34,-0.26569,-0.77942,-0.45562,0.33812
-207.76,380.19,180.53,-0.26543,-0.77928,-0.45583,0.33837
-207.58,379.89,180.74,-0.26513,-0.77911,-0.45605,0.33871
-207.38,379.55,180.97,-0.26479,-0.7789,-0.45628,0.33914
-207.16,379.16,181.22,-0.2644,-0.77865,-0.45654,0.33966
-206.92,378.72,181.49,-0.26396,-0.77837,-0.45681,0.34029
-206.67,378.24,181.79,-0.26348,-0.77804,-0.4571,0.34101
-206.39,377.71,182.11,-0.26295,-0.77768,-0.4574,0.34183
-206.1,377.13,182.46,-0.26237,-0.77728,-0.45773,0.34276
-205.78,376.49,182.83,-0.26174,-0.77684,-0.45807,0.34378
-205.45,375.81,183.22,-0.26106,-0.77635,-0.45843,0.34492
-205.09,375.08,183.63,-0.26032,-0.77582,-0.45881,0.34616
-204.7,374.3,184.07,-0.25954,-0.77525,-0.4592,0.3475
-204.3,373.46,184.54,-0.2587,-0.77463,-0.45962,0.34896
-203.87,372.57,185.02,-0.25781,-0.77396,-0.46005,0.35052
-203.42,371.63,185.53,-0.25687,-0.77325,-0.4605,0.3522
-202.94,370.64,186.07,-0.25587,-0.77249,-0.46096,0.35399
-202.44,369.59,186.62,-0.25482,-0.77168,-0.46144,0.35588
-201.91,368.49,187.2,-0.25371,-0.77081,-0.46194,0.35789
-201.36,367.34,187.8,-0.25255,-0.76989,-0.46246,0.36002
-200.78,366.13,188.42,-0.25133,-0.76892,-0.46299,0.36225
-200.16,364.87,189.06,-0.25006,-0.7679,-0.46354,0.3646
-199.52,363.55,189.73,-0.24873,-0.76682,-0.4641,0.36706
-198.85,362.19,190.41,-0.24734,-0.76568,-0.46468,0.36964
-198.15,360.76,191.11,-0.2459,-0.76448,-0.46527,0.37233
-197.42,359.29,191.83,-0.2444,-0.76322,-0.46587,0.37513
-196.66,357.76,192.57,-0.24284,-0.7619,-0.46649,0.37805
-195.86,356.18,193.33,-0.24123,-0.76052,-0.46712,0.38108
-195.03,354.55,194.1,-0.23956,-0.75907,-0.46776,0.38422
-194.16,352.86,194.89,-0.23784,-0.75755,-0.46841,0.38748
-193.26,351.13,195.69,-0.23606,-0.75597,-0.46907,0.39084
-192.32,349.34,196.51,-0.23422,-0.75432,-0.46973,0.39432
-191.34,347.51,197.33,-0.23233,-0.7526,-0.47041,0.39791
-190.33,345.63,198.17,-0.23039,-0.75081,-0.47109,0.4016
-189.28,343.69,199.02,-0.22839,-0.74894,-0.47178,0.40541
-188.19,341.72,199.88,-0.22634,-0.747,-0.47247,0.40931
-187.05,339.69,200.75,-0.22423,-0.74498,-0.47316,0.41333
-185.88,337.62,201.62,-0.22207,-0.74288,-0.47386,0.41745
-184.66,335.51,202.5,-0.21987,-0.74071,-0.47456,0.42167
-183.41,333.36,203.38,-0.21761,-0.73845,-0.47526,0.42599
-182.11,331.16,204.27,-0.2153,-0.73611,-0.47595,0.43041
-180.76,328.92,205.15,-0.21294,-0.73369,-0.47665,0.43493
-179.37,326.65,206.04,-0.21053,-0.73118,-0.47734,0.43954
-177.94,324.33,206.93,-0.20808,-0.72859,-0.47802,0.44424
-176.46,321.98,207.81,-0.20558,-0.72591,-0.4787,0.44904
-174.93,319.6,208.69,-0.20303,-0.72314,-0.47938,0.45392
-173.36,317.19,209.56,-0.20045,-0.72028,-0.48004,0.45889
-171.74,314.74,210.43,-0.19781,-0.71733,-0.48069,0.46395
-170.07,312.26,211.29,-0.19514,-0.71428,-0.48133,0.46909
-168.36,309.76,212.13,-0.19243,-0.71114,-0.48196,0.4743
-166.6,307.23,212.97,-0.18968,-0.70791,-0.48258,0.47959
-164.79,304.68,213.79,-0.18689,-0.70458,-0.48318,0.48496
-162.93,302.1,214.6,-0.18406,-0.70115,-0.48376,0.49039
-161.02,299.51,215.39,-0.1812,-0.69763,-0.48433,0.49589
-159.07,296.89,216.17,-0.17831,-0.69401,-0.48488,0.50145
-157.07,294.26,216.92,-0.17538,-0.69029,-0.4854,0.50708
-155.02,291.62,217.66,-0.17243,-0.68647,-0.48591,0.51276
-152.92,288.96,218.37,-0.16944,-0.68255,-0.48639,0.5185
-150.78,286.3,219.06,-0.16643,-0.67852,-0.48685,0.52429
-148.59,283.62,219.72,-0.1634,-0.6744,-0.48729,0.53012
-146.35,280.94,220.36,-0.16034,-0.67018,-0.4877,0.536
-144.07,278.26,220.97,-0.15726,-0.66586,-0.48808,0.54192
-141.75,275.57,221.55,-0.15416,-0.66143,-0.48844,0.54787
-139.38,272.89,222.11,-0.15104,-0.65691,-0.48877,0.55386
-136.97,270.2,222.63,-0.1479,-0.65228,-0.48907,0.55988
-134.51,267.52,223.12,-0.14475,-0.64756,-0.48934,0.56592
-132.02,264.85,223.57,-0.14158,-0.64274,-0.48958,0.57198
-129.48,262.18,224,-0.1384,-0.63781,-0.48978,0.57806
-126.91,259.53,224.38,-0.13522,-0.63279,-0.48996,0.58415
-124.3,256.89,224.73,-0.13202,-0.62767,-0.4901,0.59025
-121.66,254.26,225.05,-0.12882,-0.62246,-0.49021,0.59636
-118.98,251.65,225.32,-0.12561,-0.61715,-0.49029,0.60246
-116.27,249.05,225.56,-0.1224,-0.61175,-0.49033,0.60857
-113.52,246.48,225.76,-0.11919,-0.60626,-0.49034,0.61467
-110.75,243.93,225.92,-0.11598,-0.60067,-0.49031,0.62075
-107.95,241.4,226.03,-0.11277,-0.595,-0.49025,0.62682
-105.12,238.89,226.11,-0.10957,-0.58924,-0.49016,0.63288
-102.27,236.41,226.15,-0.10637,-0.5834,-0.49003,0.63891
-99.401,233.96,226.14,-0.10317,-0.57747,-0.48987,0.64491
-96.508,231.54,226.1,-0.099983,-0.57146,-0.48967,0.65089
-93.595,229.15,226.01,-0.096803,-0.56538,-0.48943,0.65684
-90.666,226.79,225.88,-0.093634,-0.55921,-0.48917,0.66274
-87.721,224.46,225.72,-0.090476,-0.55297,-0.48887,0.66861
-84.763,222.16,225.51,-0.08733,-0.54666,-0.48853,0.67444
-81.793,219.9,225.25,-0.084198,-0.54028,-0.48816,0.68023
-78.813,217.67,224.96,-0.08108,-0.53383,-0.48776,0.68596
-75.825,215.48,224.63,-0.077978,-0.52731,-0.48733,0.69165
-72.83,213.33,224.26,-0.074891,-0.52073,-0.48686,0.69728
-69.831,211.21,223.85,-0.071822,-0.51408,-0.48637,0.70286
-66.829,209.13,223.39,-0.068771,-0.50738,-0.48584,0.70838
-63.825,207.09,222.9,-0.065739,-0.50062,-0.48528,0.71383
-60.821,205.09,222.38,-0.062727,-0.49381,-0.48469,0.71923
-57.82,203.13,221.81,-0.059734,-0.48694,-0.48407,0.72456
-54.822,201.2,221.21,-0.056763,-0.48003,-0.48343,0.72983
-51.83,199.32,220.57,-0.053813,-0.47307,-0.48275,0.73503
-48.844,197.47,219.9,-0.050884,-0.46606,-0.48205,0.74015
-45.866,195.66,219.19,-0.047979,-0.45902,-0.48132,0.74521
-42.898,193.9,218.44,-0.045096,-0.45193,-0.48056,0.75019
-39.941,192.17,217.67,-0.042237,-0.44481,-0.47978,0.7551
-36.996,190.48,216.86,-0.039402,-0.43765,-0.47898,0.75993
-34.066,188.84,216.03,-0.036591,-0.43047,-0.47815,0.76468
-31.15,187.23,215.16,-0.033804,-0.42325,-0.4773,0.76935
-28.251,185.66,214.26,-0.031041,-0.41601,-0.47642,0.77395
-25.369,184.13,213.34,-0.028304,-0.40874,-0.47553,0.77846
-22.506,182.64,212.38,-0.025592,-0.40146,-0.47461,0.78289
-19.663,181.18,211.41,-0.022905,-0.39415,-0.47368,0.78724
-16.841,179.77,210.4,-0.020244,-0.38683,-0.47273,0.79151
-14.04,178.39,209.38,-0.017608,-0.3795,-0.47175,0.79569
-11.263,177.05,208.33,-0.014997,-0.37215,-0.47077,0.79979
-8.5094,175.74,207.26,-0.012413,-0.3648,-0.46976,0.8038
-5.7804,174.47,206.16,-0.0098535,-0.35744,-0.46874,0.80773
-3.0769,173.24,205.05,-0.0073201,-0.35008,-0.46771,0.81157
-0.3996,172.04,203.92,-0.0048123,-0.34271,-0.46666,0.81532
2.2507,170.88,202.78,-0.0023301,-0.33535,-0.4656,0.81899
4.8733,169.75,201.61,0.00012661,-0.32799,-0.46453,0.82258
7.4677,168.65,200.44,0.0025579,-0.32064,-0.46344,0.82608
10.033,167.59,199.24,0.0049639,-0.3133,-0.46235,0.82949
12.569,166.56,198.04,0.0073447,-0.30596,-0.46124,0.83282
15.076,165.56,196.82,0.0097004,-0.29864,-0.46013,0.83606
17.551,164.59,195.6,0.012031,-0.29134,-0.45901,0.83922
19.997,163.65,194.36,0.014337,-0.28405,-0.45788,0.84229
22.411,162.74,193.11,0.016619,-0.27679,-0.45675,0.84528
24.793,161.86,191.86,0.018876,-0.26954,-0.45561,0.84818
27.144,161.01,190.6,0.021109,-0.26232,-0.45447,0.851
29.463,160.18,189.34,0.023318,-0.25512,-0.45332,0.85374
31.75,159.38,188.07,0.025503,-0.24795,-0.45217,0.8564
34.004,158.61,186.8,0.027665,-0.24082,-0.45101,0.85897
36.227,157.86,185.53,0.029803,-0.23371,-0.44986,0.86147
38.416,157.14,184.25,0.031918,-0.22664,-0.4487,0.86388
40.573,156.44,182.97,0.034011,-0.2196,-0.44754,0.86622
42.697,155.77,181.7,0.03608,-0.2126,-0.44638,0.86847
44.789,155.12,180.42,0.038128,-0.20564,-0.44522,0.87065
46.848,154.49,179.15,0.040153,-0.19871,-0.44406,0.87276
48.874,153.88,177.88,0.042156,-0.19184,-0.44291,0.87479
50.868,153.3,176.62,0.044137,-0.185,-0.44175,0.87674
52.83,152.73,175.36,0.046097,-0.17821,-0.4406,0.87863
54.759,152.18,174.1,0.048036,-0.17147,-0.43946,0.88044
56.656,151.66,172.85,0.049953,-0.16478,-0.43831,0.88218
58.522,151.15,171.61,0.05185,-0.15813,-0.43717,0.88385
60.355,150.66,170.38,0.053726,-0.15154,-0.43604,0.88545
62.157,150.18,169.15,0.055581,-0.145,-0.43491,0.88698
63.928,149.72,167.93,0.057417,-0.13851,-0.43378,0.88845
65.668,149.28,166.72,0.059232,-0.13208,-0.43266,0.88986
67.377,148.86,165.53,0.061027,-0.12571,-0.43155,0.8912
69.055,148.45,164.34,0.062802,-0.11939,-0.43045,0.89248
70.703,148.06,163.16,0.064558,-0.11313,-0.42935,0.8937
72.321,147.68,162,0.066294,-0.10693,-0.42826,0.89485
73.91,147.31,160.84,0.068011,-0.10079,-0.42718,0.89595
75.469,146.96,159.7,0.069708,-0.094714,-0.4261,0.897
77,146.62,158.58,0.071386,-0.088699,-0.42504,0.89799
78.501,146.29,157.46,0.073045,-0.082747,-0.42398,0.89892
79.975,145.97,156.36,0.074685,-0.07686,-0.42293,0.8998
81.42,145.67,155.28,0.076306,-0.071038,-0.42189,0.90063
82.838,145.38,154.2,0.077908,-0.065281,-0.42086,0.90141
84.228,145.1,153.14,0.079492,-0.059591,-0.41984,0.90214
85.592,144.83,152.1,0.081056,-0.053967,-0.41883,0.90283
86.929,144.57,151.07,0.082601,-0.048411,-0.41783,0.90347
88.239,144.32,150.06,0.084127,-0.042924,-0.41684,0.90406
89.524,144.08,149.06,0.085635,-0.037505,-0.41586,0.90461
90.784,143.85,148.08,0.087123,-0.032155,-0.41488,0.90512
92.018,143.63,147.11,0.088592,-0.026875,-0.41392,0.90559
93.227,143.42,146.16,0.090042,-0.021664,-0.41297,0.90602
94.412,143.22,145.23,0.091472,-0.016524,-0.41203,0.90642
95.573,143.02,144.31,0.092883,-0.011455,-0.4111,0.90677
96.71,142.84,143.4,0.094274,-0.0064563,-0.41018,0.90709
97.824,142.66,142.51,0.095646,-0.0015293,-0.40928,0.90738
98.914,142.5,141.64,0.096998,0.003326,-0.40838,0.90764
99.982,142.34,140.78,0.09833,0.0081093,-0.40749,0.90786
101.03,142.19,139.94,0.099642,0.01282,-0.40662,0.90806
102.05,142.04,139.12,0.10093,0.017459,-0.40575,0.90823
103.05,141.91,138.31,0.10221,0.022024,-0.4049,0.90837
104.03,141.78,137.52,0.10346,0.026516,-0.40405,0.90848
104.99,141.66,136.74,0.10469,0.030934,-0.40322,0.90857
105.92,141.55,135.98,0.1059,0.035279,-0.4024,0.90863
106.84,141.44,135.24,0.10709,0.03955,-0.40159,0.90867
107.73,141.34,134.51,0.10826,0.043746,-0.4008,0.9087
108.6,141.25,133.8,0.10941,0.047868,-0.40001,0.9087
109.46,141.16,133.1,0.11054,0.051915,-0.39924,0.90868
110.29,141.08,132.43,0.11165,0.055887,-0.39848,0.90864
111.1,141.01,131.76,0.11274,0.059783,-0.39773,0.90859
111.9,140.94,131.12,0.1138,0.063604,-0.39699,0.90852
112.67,140.88,130.49,0.11485,0.067349,-0.39626,0.90843
113.42,140.83,129.87,0.11588,0.071018,-0.39555,0.90834
114.16,140.78,129.28,0.11688,0.074611,-0.39484,0.90822
114.87,140.74,128.7,0.11787,0.078128,-0.39415,0.9081
115.57,140.7,128.13,0.11883,0.081568,-0.39347,0.90797
116.25,140.67,127.58,0.11977,0.084931,-0.39281,0.90782
116.91,140.65,127.05,0.12069,0.088217,-0.39216,0.90767
117.55,140.63,126.54,0.12159,0.091426,-0.39151,0.90751
118.17,140.61,126.04,0.12247,0.094557,-0.39089,0.90734
118.78,140.6,125.56,0.12333,0.097611,-0.39027,0.90717
119.37,140.59,125.09,0.12417,0.10059,-0.38967,0.90699
119.94,140.59,124.65,0.12498,0.10349,-0.38908,0.9068
120.49,140.6,124.21,0.12578,0.10631,-0.3885,0.90661
121.02,140.61,123.8,0.12655,0.10905,-0.38794,0.90642
121.54,140.62,123.4,0.12731,0.11171,-0.38739,0.90623
122.04,140.64,123.02,0.12804,0.1143,-0.38685,0.90603
122.52,140.66,122.66,0.12875,0.1168,-0.38632,0.90583
122.99,140.68,122.31,0.12944,0.11923,-0.38581,0.90564
123.43,140.71,121.98,0.13011,0.12158,-0.38531,0.90544
123.86,140.75,121.67,0.13076,0.12385,-0.38483,0.90525
124.28,140.79,121.37,0.13139,0.12604,-0.38436,0.90505
124.68,140.83,121.09,0.132,0.12815,-0.3839,0.90486
125.06,140.87,120.83,0.13258,0.13018,-0.38345,0.90468
125.42,140.92,120.59,0.13315,0.13213,-0.38302,0.90449
125.77,140.97,120.36,0.13369,0.134,-0.3826,0.90431
126.1,141.03,120.15,0.13422,0.13579,-0.3822,0.90414
126.42,141.09,119.96,0.13472,0.1375,-0.38181,0.90397
126.71,141.15,119.78,0.13521,0.13913,-0.38144,0.90381
127,141.22,119.63,0.13567,0.14067,-0.38107,0.90365
127.26,141.28,119.49,0.13611,0.14214,-0.38073,0.9035
127.51,141.35,119.37,0.13653,0.14353,-0.38039,0.90336
127.75,141.43,119.26,0.13693,0.14483,-0.38007,0.90323
127.96,141.5,119.18,0.13732,0.14606,-0.37977,0.9031
128.17,141.58,119.11,0.13768,0.1472,-0.37948,0.90298
128.35,141.66,119.06,0.13802,0.14826,-0.3792,0.90287
128.52,141.75,119.03,0.13834,0.14924,-0.37894,0.90277
128.68,141.83,119.02,0.13864,0.15014,-0.37869,0.90268
128.81,141.92,119.02,0.13892,0.15095,-0.37846,0.9026
128.94,142.01,119.05,0.13918,0.15169,-0.37824,0.90253
129.04,142.1,119.09,0.13942,0.15234,-0.37803,0.90247
129.13,142.2,119.15,0.13964,0.1529,-0.37784,0.90242
129.2,142.29,119.23,0.13984,0.15339,-0.37767,0.90238
129.26,142.39,119.33,0.14003,0.15379,-0.37751,0.90235
129.3,142.49,119.45,0.14019,0.15411,-0.37736,0.90233
129.33,142.59,119.59,0.14033,0.15434,-0.37723,0.90232
129.34,142.69,119.75,0.14045,0.15449,-0.37712,0.90232
129.33,142.8,119.93,0.14056,0.15456,-0.37702,0.90234
129.31,142.9,120.12,0.14064,0.15454,-0.37693,0.90236
129.27,143.01,120.34,0.14071,0.15444,-0.37686,0.9024
129.22,143.11,120.58,0.14075,0.15425,-0.37681,0.90245
129.15,143.22,120.84,0.14078,0.15398,-0.37677,0.90251
129.06,143.33,121.11,0.14079,0.15363,-0.37674,0.90257
128.96,143.44,121.41,0.14078,0.15318,-0.37673,0.90266
128.84,143.55,121.73,0.14075,0.15266,-0.37674,0.90275
128.7,143.66,122.07,0.1407,0.15204,-0.37676,0.90285
