-181.14,357.8,284.59,-0.24314,-0.67171,-0.51486,0.47393
-182,357.05,284.27,-0.24131,-0.6717,-0.51527,0.47443
-182.87,356.3,283.94,-0.23945,-0.67169,-0.51568,0.47495
-183.74,355.55,283.6,-0.23757,-0.67169,-0.51607,0.47547
-184.62,354.81,283.26,-0.23566,-0.67169,-0.51646,0.47599
-185.49,354.06,282.9,-0.23373,-0.6717,-0.51683,0.47652
-186.37,353.32,282.55,-0.23178,-0.67172,-0.51719,0.47706
-187.24,352.58,282.19,-0.22981,-0.67174,-0.51754,0.4776
-188.11,351.84,281.82,-0.22782,-0.67177,-0.51788,0.47815
-188.98,351.11,281.45,-0.22581,-0.6718,-0.5182,0.47871
-189.84,350.38,281.08,-0.22379,-0.67184,-0.51851,0.47927
-190.69,349.65,280.7,-0.22175,-0.67188,-0.51881,0.47983
-191.54,348.93,280.33,-0.2197,-0.67193,-0.51909,0.48041
-192.37,348.22,279.95,-0.21763,-0.67198,-0.51936,0.48098
-193.19,347.51,279.58,-0.21556,-0.67204,-0.51961,0.48156
-193.99,346.81,279.2,-0.21348,-0.6721,-0.51985,0.48214
-194.78,346.12,278.84,-0.21139,-0.67216,-0.52008,0.48273
-195.55,345.43,278.47,-0.2093,-0.67223,-0.52029,0.48332
-196.3,344.76,278.11,-0.2072,-0.67231,-0.52048,0.48391
-197.03,344.1,277.75,-0.2051,-0.67238,-0.52066,0.48451
-197.74,343.44,277.41,-0.203,-0.67246,-0.52083,0.48511
-198.42,342.8,277.07,-0.2009,-0.67254,-0.52097,0.4857
-199.08,342.17,276.73,-0.1988,-0.67263,-0.52111,0.48631
-199.7,341.55,276.41,-0.19671,-0.67272,-0.52122,0.48691
-200.3,340.94,276.1,-0.19463,-0.67281,-0.52132,0.48751
-200.87,340.35,275.8,-0.19255,-0.67291,-0.52141,0.48811
-201.41,339.77,275.51,-0.19048,-0.673,-0.52148,0.48872
-201.91,339.21,275.24,-0.18842,-0.67311,-0.52153,0.48932
-202.38,338.66,274.98,-0.18638,-0.67321,-0.52157,0.48992
-202.81,338.12,274.73,-0.18434,-0.67331,-0.52159,0.49052
-203.2,337.61,274.5,-0.18233,-0.67342,-0.5216,0.49112
-203.55,337.11,274.29,-0.18033,-0.67353,-0.52159,0.49171
-203.86,336.62,274.09,-0.17834,-0.67365,-0.52157,0.4923
-204.13,336.16,273.91,-0.17638,-0.67376,-0.52153,0.49289
-204.36,335.71,273.74,-0.17444,-0.67388,-0.52148,0.49347
-204.55,335.29,273.6,-0.17252,-0.674,-0.52141,0.49405
-204.68,334.88,273.47,-0.17062,-0.67412,-0.52134,0.49463
-204.77,334.49,273.37,-0.16875,-0.67424,-0.52125,0.4952
-204.82,334.12,273.28,-0.16691,-0.67437,-0.52114,0.49576
-204.81,333.77,273.21,-0.1651,-0.6745,-0.52103,0.49631
-204.75,333.44,273.17,-0.16331,-0.67462,-0.5209,0.49686
-204.64,333.14,273.15,-0.16156,-0.67476,-0.52077,0.4974
-204.48,332.85,273.15,-0.15983,-0.67489,-0.52062,0.49793
-204.27,332.59,273.17,-0.15815,-0.67502,-0.52047,0.49845
-204,332.35,273.21,-0.15649,-0.67516,-0.5203,0.49896
-203.67,332.13,273.28,-0.15488,-0.67529,-0.52013,0.49946
-203.29,331.94,273.37,-0.1533,-0.67543,-0.51995,0.49995
-202.85,331.77,273.48,-0.15176,-0.67557,-0.51977,0.50042
-202.35,331.62,273.61,-0.15026,-0.67571,-0.51958,0.50088
-201.8,331.49,273.77,-0.1488,-0.67585,-0.51938,0.50133
-201.18,331.39,273.96,-0.14738,-0.67599,-0.51919,0.50177
-200.5,331.31,274.16,-0.14601,-0.67613,-0.51898,0.50218
-199.76,331.26,274.39,-0.14468,-0.67627,-0.51878,0.50259
-198.95,331.23,274.65,-0.1434,-0.67641,-0.51858,0.50297
-198.08,331.22,274.93,-0.14217,-0.67655,-0.51837,0.50334
-197.15,331.23,275.23,-0.14099,-0.6767,-0.51817,0.50369
-196.15,331.27,275.55,-0.13985,-0.67684,-0.51797,0.50402
-195.08,331.34,275.9,-0.13877,-0.67698,-0.51777,0.50433
-193.95,331.42,276.27,-0.13774,-0.67713,-0.51758,0.50462
-192.75,331.53,276.66,-0.13677,-0.67727,-0.51739,0.50489
-191.48,331.67,277.08,-0.13585,-0.67741,-0.51721,0.50513
-190.14,331.82,277.52,-0.13498,-0.67755,-0.51703,0.50535
-188.74,332,277.98,-0.13417,-0.6777,-0.51686,0.50555
-187.26,332.2,278.46,-0.13343,-0.67784,-0.5167,0.50572
-185.72,332.43,278.97,-0.13274,-0.67798,-0.51656,0.50586
-184.1,332.67,279.49,-0.13211,-0.67812,-0.51642,0.50598
-182.41,332.94,280.03,-0.13154,-0.67826,-0.51629,0.50607
-180.65,333.23,280.6,-0.13104,-0.6784,-0.51618,0.50613
-178.82,333.54,281.18,-0.1306,-0.67853,-0.51608,0.50616
-176.92,333.86,281.78,-0.13023,-0.67867,-0.51599,0.50616
-174.94,334.21,282.4,-0.12993,-0.6788,-0.51593,0.50613
-172.9,334.58,283.03,-0.12969,-0.67894,-0.51587,0.50606
-170.78,334.96,283.69,-0.12952,-0.67907,-0.51584,0.50597
-168.59,335.37,284.36,-0.12942,-0.6792,-0.51582,0.50583
-166.33,335.79,285.04,-0.1294,-0.67933,-0.51582,0.50567
-163.99,336.22,285.74,-0.12944,-0.67946,-0.51584,0.50546
-161.59,336.68,286.45,-0.12956,-0.67958,-0.51588,0.50522
-159.11,337.14,287.17,-0.12976,-0.67971,-0.51594,0.50494
-156.56,337.63,287.91,-0.13003,-0.67983,-0.51602,0.50463
-153.94,338.12,288.66,-0.13038,-0.67995,-0.51612,0.50427
-151.25,338.63,289.42,-0.13081,-0.68007,-0.51624,0.50387
-148.49,339.15,290.19,-0.13132,-0.68019,-0.51639,0.50344
-145.66,339.68,290.96,-0.13191,-0.6803,-0.51655,0.50296
-142.76,340.22,291.75,-0.13258,-0.68041,-0.51674,0.50244
-139.8,340.77,292.54,-0.13334,-0.68053,-0.51695,0.50187
-136.76,341.33,293.34,-0.13418,-0.68063,-0.51717,0.50126
-133.66,341.9,294.15,-0.13511,-0.68074,-0.51743,0.50061
-130.5,342.48,294.96,-0.13612,-0.68084,-0.5177,0.49991
-127.27,343.06,295.78,-0.13723,-0.68095,-0.51799,0.49917
-123.97,343.64,296.6,-0.13842,-0.68104,-0.5183,0.49838
-120.61,344.23,297.42,-0.13971,-0.68114,-0.51863,0.49755
-117.2,344.83,298.24,-0.14109,-0.68123,-0.51898,0.49667
-113.72,345.42,299.07,-0.14256,-0.68132,-0.51934,0.49574
-110.18,346.02,299.89,-0.14413,-0.68141,-0.51972,0.49476
-106.58,346.62,300.72,-0.14579,-0.6815,-0.52012,0.49374
-102.93,347.21,301.55,-0.14756,-0.68158,-0.52053,0.49268
-99.218,347.81,302.37,-0.14942,-0.68165,-0.52095,0.49156
-95.455,348.41,303.2,-0.15138,-0.68173,-0.52138,0.4904
-91.639,349,304.02,-0.15344,-0.68179,-0.52183,0.48919
-87.772,349.59,304.84,-0.15561,-0.68186,-0.52227,0.48794
-83.856,350.18,305.66,-0.15788,-0.68192,-0.52273,0.48664
-79.892,350.76,306.48,-0.16025,-0.68197,-0.52319,0.4853
-75.882,351.34,307.29,-0.16273,-0.68202,-0.52364,0.48391
-71.826,351.91,308.1,-0.16532,-0.68206,-0.5241,0.48248
-67.728,352.48,308.91,-0.16802,-0.68209,-0.52455,0.481
-63.587,353.04,309.71,-0.17082,-0.68212,-0.525,0.47949
-59.407,353.59,310.51,-0.17374,-0.68214,-0.52543,0.47793
-55.189,354.14,311.3,-0.17676,-0.68215,-0.52586,0.47634
-50.933,354.68,312.09,-0.1799,-0.68216,-0.52627,0.4747
-46.642,355.21,312.88,-0.18315,-0.68215,-0.52666,0.47303
-42.316,355.74,313.66,-0.18651,-0.68213,-0.52703,0.47133
-37.958,356.25,314.44,-0.18999,-0.68211,-0.52737,0.46959
-33.568,356.76,315.22,-0.19358,-0.68207,-0.52769,0.46782
-29.148,357.26,315.99,-0.19728,-0.68201,-0.52798,0.46602
-24.699,357.75,316.76,-0.20109,-0.68195,-0.52824,0.46419
-20.221,358.22,317.53,-0.20502,-0.68186,-0.52846,0.46234
-15.716,358.69,318.29,-0.20906,-0.68177,-0.52864,0.46046
-11.185,359.15,319.06,-0.21322,-0.68165,-0.52878,0.45856
-6.6293,359.59,319.82,-0.21748,-0.68152,-0.52888,0.45665
-2.0487,360.03,320.58,-0.22186,-0.68136,-0.52892,0.45471
2.5555,360.45,321.33,-0.22635,-0.68119,-0.52892,0.45277
7.1827,360.87,322.09,-0.23095,-0.68099,-0.52886,0.45081
11.832,361.27,322.84,-0.23565,-0.68077,-0.52874,0.44884
16.504,361.65,323.6,-0.24047,-0.68052,-0.52856,0.44686
21.196,362.03,324.35,-0.24539,-0.68025,-0.52832,0.44489
25.909,362.39,325.1,-0.25041,-0.67995,-0.52801,0.44291
30.643,362.74,325.85,-0.25554,-0.67962,-0.52763,0.44093
35.396,363.08,326.6,-0.26077,-0.67926,-0.52719,0.43895
40.169,363.4,327.35,-0.2661,-0.67886,-0.52666,0.43699
44.961,363.71,328.1,-0.27153,-0.67844,-0.52606,0.43503
49.773,364,328.85,-0.27705,-0.67797,-0.52538,0.43309
54.603,364.28,329.59,-0.28267,-0.67747,-0.52462,0.43117
59.452,364.54,330.34,-0.28838,-0.67693,-0.52378,0.42926
64.32,364.79,331.08,-0.29418,-0.67635,-0.52284,0.42737
69.206,365.02,331.83,-0.30006,-0.67572,-0.52182,0.42552
74.111,365.24,332.57,-0.30603,-0.67505,-0.52071,0.42368
79.034,365.44,333.31,-0.31208,-0.67434,-0.51951,0.42188
83.976,365.62,334.05,-0.31821,-0.67358,-0.51821,0.42011
88.936,365.79,334.78,-0.32441,-0.67277,-0.51681,0.41838
93.914,365.94,335.51,-0.33069,-0.67191,-0.51532,0.41669
98.911,366.07,336.24,-0.33703,-0.671,-0.51372,0.41504
103.93,366.18,336.96,-0.34344,-0.67003,-0.51203,0.41344
108.96,366.28,337.67,-0.34991,-0.66901,-0.51023,0.41188
114.01,366.35,338.38,-0.35644,-0.66794,-0.50833,0.41037
119.08,366.41,339.09,-0.36303,-0.6668,-0.50633,0.40892
124.17,366.44,339.78,-0.36967,-0.66561,-0.50422,0.40752
129.28,366.46,340.47,-0.37635,-0.66436,-0.50201,0.40617
134.4,366.45,341.14,-0.38308,-0.66304,-0.49969,0.40489
139.55,366.42,341.8,-0.38986,-0.66166,-0.49726,0.40367
144.71,366.37,342.45,-0.39666,-0.66022,-0.49473,0.40251
149.88,366.3,343.09,-0.4035,-0.65871,-0.49209,0.40142
155.08,366.21,343.71,-0.41037,-0.65713,-0.48934,0.4004
160.29,366.09,344.32,-0.41727,-0.65549,-0.48648,0.39945
165.52,365.95,344.9,-0.42418,-0.65377,-0.48352,0.39857
170.77,365.79,345.47,-0.43111,-0.65199,-0.48045,0.39776
176.03,365.6,346.02,-0.43805,-0.65014,-0.47728,0.39703
181.31,365.39,346.54,-0.44501,-0.64821,-0.474,0.39637
186.6,365.15,347.04,-0.45196,-0.64622,-0.47062,0.3958
191.9,364.88,347.52,-0.45892,-0.64415,-0.46713,0.3953
197.22,364.59,347.97,-0.46587,-0.64201,-0.46354,0.39488
202.56,364.28,348.39,-0.47281,-0.63979,-0.45985,0.39454
207.9,363.94,348.78,-0.47974,-0.6375,-0.45606,0.39428
213.25,363.57,349.13,-0.48665,-0.63513,-0.45217,0.39411
218.62,363.17,349.46,-0.49354,-0.63269,-0.44818,0.39401
223.99,362.75,349.75,-0.50041,-0.63018,-0.4441,0.394
229.37,362.3,350,-0.50724,-0.62759,-0.43993,0.39408
234.75,361.82,350.21,-0.51405,-0.62492,-0.43567,0.39424
240.14,361.31,350.38,-0.52081,-0.62219,-0.43131,0.39448
245.53,360.78,350.52,-0.52753,-0.61937,-0.42687,0.3948
250.93,360.21,350.6,-0.53421,-0.61648,-0.42235,0.3952
256.32,359.62,350.65,-0.54084,-0.61352,-0.41774,0.39569
261.71,359,350.64,-0.54742,-0.61049,-0.41306,0.39626
267.1,358.35,350.59,-0.55394,-0.60738,-0.40829,0.39691
272.48,357.67,350.49,-0.56039,-0.6042,-0.40346,0.39764
277.86,356.97,350.34,-0.56679,-0.60095,-0.39855,0.39845
283.22,356.24,350.14,-0.57311,-0.59763,-0.39358,0.39934
288.58,355.48,349.89,-0.57937,-0.59425,-0.38854,0.4003
293.92,354.69,349.58,-0.58555,-0.59079,-0.38344,0.40134
299.24,353.87,349.22,-0.59165,-0.58727,-0.37828,0.40245
304.55,353.03,348.8,-0.59767,-0.58369,-0.37307,0.40363
309.83,352.16,348.33,-0.60361,-0.58004,-0.36781,0.40488
315.1,351.26,347.79,-0.60946,-0.57633,-0.3625,0.4062
320.33,350.34,347.2,-0.61522,-0.57256,-0.35715,0.40758
325.54,349.4,346.56,-0.62089,-0.56873,-0.35175,0.40903
330.72,348.42,345.85,-0.62647,-0.56485,-0.34632,0.41054
335.87,347.43,345.09,-0.63194,-0.56091,-0.34086,0.41211
340.99,346.41,344.26,-0.63732,-0.55693,-0.33537,0.41374
346.06,345.37,343.38,-0.6426,-0.55289,-0.32986,0.41542
351.1,344.31,342.44,-0.64777,-0.54881,-0.32433,0.41715
356.09,343.22,341.44,-0.65284,-0.54468,-0.31878,0.41893
361.04,342.12,340.39,-0.6578,-0.54052,-0.31322,0.42075
365.94,341,339.28,-0.66265,-0.53632,-0.30766,0.42262
370.79,339.86,338.11,-0.66739,-0.53208,-0.30209,0.42453
375.59,338.7,336.89,-0.67201,-0.52781,-0.29652,0.42648
380.33,337.52,335.61,-0.67653,-0.52352,-0.29096,0.42846
385.02,336.34,334.28,-0.68093,-0.5192,-0.28542,0.43047
389.65,335.13,332.9,-0.68522,-0.51486,-0.27988,0.43251
394.21,333.92,331.47,-0.68939,-0.5105,-0.27437,0.43458
398.72,332.69,329.99,-0.69345,-0.50612,-0.26888,0.43666
403.16,331.45,328.46,-0.69739,-0.50174,-0.26341,0.43877
407.53,330.21,326.89,-0.70122,-0.49735,-0.25798,0.44089
411.84,328.96,325.28,-0.70493,-0.49295,-0.25258,0.44303
416.07,327.7,323.63,-0.70853,-0.48856,-0.24722,0.44518
420.23,326.44,321.94,-0.71201,-0.48416,-0.2419,0.44733
424.33,325.18,320.21,-0.71538,-0.47978,-0.23663,0.4495
428.34,323.92,318.44,-0.71864,-0.47541,-0.23141,0.45166
432.29,322.65,316.65,-0.72179,-0.47105,-0.22623,0.45382
436.15,321.4,314.83,-0.72482,-0.46671,-0.22112,0.45598
439.94,320.14,312.97,-0.72775,-0.46239,-0.21606,0.45814
443.66,318.9,311.1,-0.73057,-0.4581,-0.21106,0.46028
447.29,317.66,309.2,-0.73329,-0.45383,-0.20613,0.46242
450.85,316.43,307.28,-0.7359,-0.4496,-0.20126,0.46454
454.32,315.22,305.35,-0.73841,-0.44541,-0.19646,0.46665
457.72,314.02,303.4,-0.74082,-0.44125,-0.19174,0.46874
461.04,312.83,301.43,-0.74313,-0.43714,-0.18709,0.47081
464.28,311.67,299.46,-0.74534,-0.43308,-0.18251,0.47286
467.44,310.52,297.48,-0.74746,-0.42906,-0.17801,0.47489
470.52,309.39,295.5,-0.74949,-0.4251,-0.1736,0.47688
473.53,308.29,293.51,-0.75143,-0.4212,-0.16926,0.47885
476.45,307.21,291.53,-0.75327,-0.41736,-0.16501,0.48079
479.3,306.15,289.55,-0.75504,-0.41358,-0.16085,0.4827
482.06,305.13,287.57,-0.75672,-0.40987,-0.15678,0.48457
484.75,304.13,285.61,-0.75831,-0.40623,-0.15279,0.48641
487.36,303.17,283.65,-0.75983,-0.40266,-0.1489,0.48821
489.9,302.24,281.7,-0.76127,-0.39917,-0.1451,0.48997
492.36,301.34,279.78,-0.76264,-0.39576,-0.14139,0.49169
494.75,300.48,277.86,-0.76394,-0.39244,-0.13777,0.49337
497.06,299.65,275.97,-0.76516,-0.38919,-0.13426,0.49501
499.29,298.87,274.1,-0.76632,-0.38604,-0.13084,0.4966
501.46,298.13,272.26,-0.76741,-0.38298,-0.12751,0.49814
503.55,297.42,270.44,-0.76844,-0.38001,-0.12429,0.49964
505.57,296.77,268.65,-0.76941,-0.37714,-0.12116,0.50109
507.53,296.15,266.88,-0.77032,-0.37437,-0.11814,0.50249
509.41,295.58,265.15,-0.77117,-0.3717,-0.11521,0.50384
511.22,295.06,263.46,-0.77197,-0.36914,-0.11239,0.50514
512.97,294.59,261.8,-0.77272,-0.36668,-0.10967,0.50638
514.65,294.17,260.17,-0.77341,-0.36434,-0.10705,0.50757
516.26,293.8,258.59,-0.77406,-0.3621,-0.10454,0.50871
517.81,293.48,257.04,-0.77466,-0.35998,-0.10212,0.5098
519.29,293.22,255.54,-0.77521,-0.35797,-0.099814,0.51082
520.71,293.01,254.07,-0.77572,-0.35608,-0.097607,0.5118
522.06,292.86,252.66,-0.77619,-0.35431,-0.095503,0.51271
523.35,292.76,251.29,-0.77661,-0.35267,-0.093503,0.51357
524.58,292.72,249.96,-0.777,-0.35114,-0.091606,0.51437
525.75,292.74,248.68,-0.77735,-0.34975,-0.089812,0.51511
526.86,292.82,247.45,-0.77766,-0.34847,-0.088121,0.5158
527.91,292.96,246.27,-0.77793,-0.34733,-0.086533,0.51642
528.89,293.16,245.14,-0.77817,-0.34632,-0.085048,0.51699
529.82,293.42,244.06,-0.77838,-0.34544,-0.083665,0.5175
530.68,293.75,243.04,-0.77855,-0.34469,-0.082385,0.51794
531.49,294.14,242.06,-0.77868,-0.34408,-0.081206,0.51833
532.24,294.6,241.14,-0.77879,-0.3436,-0.080129,0.51866
532.92,295.12,240.27,-0.77886,-0.34326,-0.079153,0.51893
533.55,295.7,239.46,-0.7789,-0.34305,-0.078277,0.51913
534.11,296.36,238.69,-0.77891,-0.34299,-0.077502,0.51928
534.62,297.08,237.99,-0.77889,-0.34306,-0.076826,0.51937
535.06,297.87,237.33,-0.77883,-0.34327,-0.076249,0.51939
535.44,298.73,236.73,-0.77875,-0.34363,-0.075771,0.51936
535.77,299.65,236.19,-0.77863,-0.34412,-0.07539,0.51926
536.02,300.65,235.7,-0.77848,-0.34476,-0.075107,0.51911
536.22,301.72,235.26,-0.77829,-0.34554,-0.07492,0.5189
536.35,302.85,234.88,-0.77807,-0.34646,-0.074828,0.51863
536.41,304.06,234.55,-0.77782,-0.34752,-0.074832,0.5183
536.41,305.34,234.27,-0.77753,-0.34873,-0.07493,0.51791
536.34,306.69,234.05,-0.7772,-0.35007,-0.075121,0.51746
536.21,308.11,233.87,-0.77684,-0.35157,-0.075405,0.51695
536,309.6,233.75,-0.77643,-0.3532,-0.07578,0.51639
535.72,311.16,233.68,-0.77599,-0.35498,-0.076247,0.51577
